Id	FCend	FCnorm	Dem_1	Dem_2	Dem_3	Dem_4	socF_1	socF_2	socF_3	socF_4
1	0.7449	0	0.2	0.4	0.4	0.4	0.7984	0.7929	0.7875	0.782
2	0.7449	0	0.2	0.4	0.4	0.6	0.7984	0.7929	0.7875	0.782
3	0.7449	0	0.2	0.4	0.4	0.8	0.7984	0.7929	0.7875	0.782
4	0.7449	0	0.2	0.4	0.4	1	0.7984	0.7929	0.7875	0.782
5	0.7449	0	0.2	0.4	0.6	0.4	0.7984	0.7929	0.7875	0.782
6	0.7449	0	0.2	0.4	0.6	0.6	0.7984	0.7929	0.7875	0.782
7	0.7449	0	0.2	0.4	0.6	0.8	0.7984	0.7929	0.7875	0.782
8	0.7449	0	0.2	0.4	0.6	1	0.7984	0.7929	0.7875	0.782
9	0.7449	0	0.2	0.4	0.8	0.4	0.7984	0.7929	0.7875	0.782
10	0.7449	0	0.2	0.4	0.8	0.6	0.7984	0.7929	0.7875	0.782
11	0.7449	0	0.2	0.4	0.8	0.8	0.7984	0.7929	0.7875	0.782
12	0.7449	0	0.2	0.4	0.8	1	0.7984	0.7929	0.7875	0.782
13	0.7449	0	0.2	0.4	1	0.4	0.7984	0.7929	0.7875	0.782
14	0.7449	0	0.2	0.4	1	0.6	0.7984	0.7929	0.7875	0.782
15	0.7449	0	0.2	0.4	1	0.8	0.7984	0.7929	0.7875	0.782
16	0.7449	0	0.2	0.4	1	1	0.7984	0.7929	0.7875	0.782
17	0.7449	0	0.2	0.6	0.4	0.4	0.7984	0.7929	0.7875	0.782
18	0.7449	0	0.2	0.6	0.4	0.6	0.7984	0.7929	0.7875	0.782
19	0.7449	0	0.2	0.6	0.4	0.8	0.7984	0.7929	0.7875	0.782
20	0.7449	0	0.2	0.6	0.4	1	0.7984	0.7929	0.7875	0.782
21	0.7449	0	0.2	0.6	0.6	0.4	0.7984	0.7929	0.7875	0.782
22	0.7449	0	0.2	0.6	0.6	0.6	0.7984	0.7929	0.7875	0.782
23	0.7449	0	0.2	0.6	0.6	0.8	0.7984	0.7929	0.7875	0.782
24	0.7449	0	0.2	0.6	0.6	1	0.7984	0.7929	0.7875	0.782
25	0.7449	0	0.2	0.6	0.8	0.4	0.7984	0.7929	0.7875	0.782
26	0.7449	0	0.2	0.6	0.8	0.6	0.7984	0.7929	0.7875	0.782
27	0.7449	0	0.2	0.6	0.8	0.8	0.7984	0.7929	0.7875	0.782
28	0.7449	0	0.2	0.6	0.8	1	0.7984	0.7929	0.7875	0.782
29	0.7449	0	0.2	0.6	1	0.4	0.7984	0.7929	0.7875	0.782
30	0.7449	0	0.2	0.6	1	0.6	0.7984	0.7929	0.7875	0.782
31	0.7449	0	0.2	0.6	1	0.8	0.7984	0.7929	0.7875	0.782
32	0.7449	0	0.2	0.6	1	1	0.7984	0.7929	0.7875	0.782
33	0.7449	0	0.2	0.8	0.4	0.4	0.7984	0.7929	0.7875	0.782
34	0.7449	0	0.2	0.8	0.4	0.6	0.7984	0.7929	0.7875	0.782
35	0.7449	0	0.2	0.8	0.4	0.8	0.7984	0.7929	0.7875	0.782
36	0.7449	0	0.2	0.8	0.4	1	0.7984	0.7929	0.7875	0.782
37	0.7449	0	0.2	0.8	0.6	0.4	0.7984	0.7929	0.7875	0.782
38	0.7449	0	0.2	0.8	0.6	0.6	0.7984	0.7929	0.7875	0.782
39	0.7449	0	0.2	0.8	0.6	0.8	0.7984	0.7929	0.7875	0.782
40	0.7449	0	0.2	0.8	0.6	1	0.7984	0.7929	0.7875	0.782
41	0.7449	0	0.2	0.8	0.8	0.4	0.7984	0.7929	0.7875	0.782
42	0.7449	0	0.2	0.8	0.8	0.6	0.7984	0.7929	0.7875	0.782
43	0.7449	0	0.2	0.8	0.8	0.8	0.7984	0.7929	0.7875	0.782
44	0.7449	0	0.2	0.8	0.8	1	0.7984	0.7929	0.7875	0.782
45	0.7449	0	0.2	0.8	1	0.4	0.7984	0.7929	0.7875	0.782
46	0.7449	0	0.2	0.8	1	0.6	0.7984	0.7929	0.7875	0.782
47	0.7449	0	0.2	0.8	1	0.8	0.7984	0.7929	0.7875	0.782
48	0.7449	0	0.2	0.8	1	1	0.7984	0.7929	0.7875	0.782
49	0.7449	0	0.2	1	0.4	0.4	0.7984	0.7929	0.7875	0.782
50	0.7449	0	0.2	1	0.4	0.6	0.7984	0.7929	0.7875	0.782
51	0.7449	0	0.2	1	0.4	0.8	0.7984	0.7929	0.7875	0.782
52	0.7449	0	0.2	1	0.4	1	0.7984	0.7929	0.7875	0.782
53	0.7449	0	0.2	1	0.6	0.4	0.7984	0.7929	0.7875	0.782
54	0.7449	0	0.2	1	0.6	0.6	0.7984	0.7929	0.7875	0.782
55	0.7449	0	0.2	1	0.6	0.8	0.7984	0.7929	0.7875	0.782
56	0.7449	0	0.2	1	0.6	1	0.7984	0.7929	0.7875	0.782
57	0.7449	0	0.2	1	0.8	0.4	0.7984	0.7929	0.7875	0.782
58	0.7449	0	0.2	1	0.8	0.6	0.7984	0.7929	0.7875	0.782
59	0.7449	0	0.2	1	0.8	0.8	0.7984	0.7929	0.7875	0.782
60	0.7449	0	0.2	1	0.8	1	0.7984	0.7929	0.7875	0.782
61	0.7449	0	0.2	1	1	0.4	0.7984	0.7929	0.7875	0.782
62	0.7449	0	0.2	1	1	0.6	0.7984	0.7929	0.7875	0.782
63	0.7449	0	0.2	1	1	0.8	0.7984	0.7929	0.7875	0.782
64	0.7449	0	0.2	1	1	1	0.7984	0.7929	0.7875	0.782
65	0.7449	0	0.4	0.4	0.4	0.4	0.7984	0.7929	0.7875	0.782
66	0.7449	0	0.4	0.4	0.4	0.6	0.7984	0.7929	0.7875	0.782
67	0.7449	0	0.4	0.4	0.4	0.8	0.7984	0.7929	0.7875	0.782
68	0.7449	0	0.4	0.4	0.4	1	0.7984	0.7929	0.7875	0.782
69	0.7449	0	0.4	0.4	0.6	0.4	0.7984	0.7929	0.7875	0.782
70	0.7449	0	0.4	0.4	0.6	0.6	0.7984	0.7929	0.7875	0.782
71	0.7449	0	0.4	0.4	0.6	0.8	0.7984	0.7929	0.7875	0.782
72	0.7449	0	0.4	0.4	0.6	1	0.7984	0.7929	0.7875	0.782
73	0.7449	0	0.4	0.4	0.8	0.4	0.7984	0.7929	0.7875	0.782
74	0.7449	0	0.4	0.4	0.8	0.6	0.7984	0.7929	0.7875	0.782
75	0.7449	0	0.4	0.4	0.8	0.8	0.7984	0.7929	0.7875	0.782
76	0.7449	0	0.4	0.4	0.8	1	0.7984	0.7929	0.7875	0.782
77	0.7449	0	0.4	0.4	1	0.4	0.7984	0.7929	0.7875	0.782
78	0.7449	0	0.4	0.4	1	0.6	0.7984	0.7929	0.7875	0.782
79	0.7449	0	0.4	0.4	1	0.8	0.7984	0.7929	0.7875	0.782
80	0.7449	0	0.4	0.4	1	1	0.7984	0.7929	0.7875	0.782
81	0.7449	0	0.4	0.6	0.4	0.4	0.7984	0.7929	0.7875	0.782
82	0.7449	0	0.4	0.6	0.4	0.6	0.7984	0.7929	0.7875	0.782
83	0.7449	0	0.4	0.6	0.4	0.8	0.7984	0.7929	0.7875	0.782
84	0.7449	0	0.4	0.6	0.4	1	0.7984	0.7929	0.7875	0.782
85	0.7449	0	0.4	0.6	0.6	0.4	0.7984	0.7929	0.7875	0.782
86	0.7449	0	0.4	0.6	0.6	0.6	0.7984	0.7929	0.7875	0.782
87	0.7449	0	0.4	0.6	0.6	0.8	0.7984	0.7929	0.7875	0.782
88	0.7449	0	0.4	0.6	0.6	1	0.7984	0.7929	0.7875	0.782
89	0.7449	0	0.4	0.6	0.8	0.4	0.7984	0.7929	0.7875	0.782
90	0.7449	0	0.4	0.6	0.8	0.6	0.7984	0.7929	0.7875	0.782
91	0.7449	0	0.4	0.6	0.8	0.8	0.7984	0.7929	0.7875	0.782
92	0.7449	0	0.4	0.6	0.8	1	0.7984	0.7929	0.7875	0.782
93	0.7449	0	0.4	0.6	1	0.4	0.7984	0.7929	0.7875	0.782
94	0.7449	0	0.4	0.6	1	0.6	0.7984	0.7929	0.7875	0.782
95	0.7449	0	0.4	0.6	1	0.8	0.7984	0.7929	0.7875	0.782
96	0.7449	0	0.4	0.6	1	1	0.7984	0.7929	0.7875	0.782
97	0.7449	0	0.4	0.8	0.4	0.4	0.7984	0.7929	0.7875	0.782
98	0.7449	0	0.4	0.8	0.4	0.6	0.7984	0.7929	0.7875	0.782
99	0.7449	0	0.4	0.8	0.4	0.8	0.7984	0.7929	0.7875	0.782
100	0.7449	0	0.4	0.8	0.4	1	0.7984	0.7929	0.7875	0.782
101	0.7449	0	0.4	0.8	0.6	0.4	0.7984	0.7929	0.7875	0.782
102	0.7449	0	0.4	0.8	0.6	0.6	0.7984	0.7929	0.7875	0.782
103	0.7449	0	0.4	0.8	0.6	0.8	0.7984	0.7929	0.7875	0.782
104	0.7449	0	0.4	0.8	0.6	1	0.7984	0.7929	0.7875	0.782
105	0.7449	0	0.4	0.8	0.8	0.4	0.7984	0.7929	0.7875	0.782
106	0.7449	0	0.4	0.8	0.8	0.6	0.7984	0.7929	0.7875	0.782
107	0.7449	0	0.4	0.8	0.8	0.8	0.7984	0.7929	0.7875	0.782
108	0.7449	0	0.4	0.8	0.8	1	0.7984	0.7929	0.7875	0.782
109	0.7449	0	0.4	0.8	1	0.4	0.7984	0.7929	0.7875	0.782
110	0.7449	0	0.4	0.8	1	0.6	0.7984	0.7929	0.7875	0.782
111	0.7449	0	0.4	0.8	1	0.8	0.7984	0.7929	0.7875	0.782
112	0.7449	0	0.4	0.8	1	1	0.7984	0.7929	0.7875	0.782
113	0.7449	0	0.4	1	0.4	0.4	0.7984	0.7929	0.7875	0.782
114	0.7449	0	0.4	1	0.4	0.6	0.7984	0.7929	0.7875	0.782
115	0.7449	0	0.4	1	0.4	0.8	0.7984	0.7929	0.7875	0.782
116	0.7449	0	0.4	1	0.4	1	0.7984	0.7929	0.7875	0.782
117	0.7449	0	0.4	1	0.6	0.4	0.7984	0.7929	0.7875	0.782
118	0.7449	0	0.4	1	0.6	0.6	0.7984	0.7929	0.7875	0.782
119	0.7449	0	0.4	1	0.6	0.8	0.7984	0.7929	0.7875	0.782
120	0.7449	0	0.4	1	0.6	1	0.7984	0.7929	0.7875	0.782
121	0.7449	0	0.4	1	0.8	0.4	0.7984	0.7929	0.7875	0.782
122	0.7449	0	0.4	1	0.8	0.6	0.7984	0.7929	0.7875	0.782
123	0.7449	0	0.4	1	0.8	0.8	0.7984	0.7929	0.7875	0.782
124	0.7449	0	0.4	1	0.8	1	0.7984	0.7929	0.7875	0.782
125	0.7449	0	0.4	1	1	0.4	0.7984	0.7929	0.7875	0.782
126	0.7449	0	0.4	1	1	0.6	0.7984	0.7929	0.7875	0.782
127	0.7449	0	0.4	1	1	0.8	0.7984	0.7929	0.7875	0.782
128	0.7449	0	0.4	1	1	1	0.7984	0.7929	0.7875	0.782
129	0.7449	0	0.6	0.4	0.4	0.4	0.7984	0.7929	0.7875	0.782
130	0.7449	0	0.6	0.4	0.4	0.6	0.7984	0.7929	0.7875	0.782
131	0.7449	0	0.6	0.4	0.4	0.8	0.7984	0.7929	0.7875	0.782
132	0.7449	0	0.6	0.4	0.4	1	0.7984	0.7929	0.7875	0.782
133	0.7449	0	0.6	0.4	0.6	0.4	0.7984	0.7929	0.7875	0.782
134	0.7449	0	0.6	0.4	0.6	0.6	0.7984	0.7929	0.7875	0.782
135	0.7449	0	0.6	0.4	0.6	0.8	0.7984	0.7929	0.7875	0.782
136	0.7449	0	0.6	0.4	0.6	1	0.7984	0.7929	0.7875	0.782
137	0.7449	0	0.6	0.4	0.8	0.4	0.7984	0.7929	0.7875	0.782
138	0.7449	0	0.6	0.4	0.8	0.6	0.7984	0.7929	0.7875	0.782
139	0.7449	0	0.6	0.4	0.8	0.8	0.7984	0.7929	0.7875	0.782
140	0.7449	0	0.6	0.4	0.8	1	0.7984	0.7929	0.7875	0.782
141	0.7449	0	0.6	0.4	1	0.4	0.7984	0.7929	0.7875	0.782
142	0.7449	0	0.6	0.4	1	0.6	0.7984	0.7929	0.7875	0.782
143	0.7449	0	0.6	0.4	1	0.8	0.7984	0.7929	0.7875	0.782
144	0.7449	0	0.6	0.4	1	1	0.7984	0.7929	0.7875	0.782
145	0.7449	0	0.6	0.6	0.4	0.4	0.7984	0.7929	0.7875	0.782
146	0.7449	0	0.6	0.6	0.4	0.6	0.7984	0.7929	0.7875	0.782
147	0.7449	0	0.6	0.6	0.4	0.8	0.7984	0.7929	0.7875	0.782
148	0.7449	0	0.6	0.6	0.4	1	0.7984	0.7929	0.7875	0.782
149	0.7449	0	0.6	0.6	0.6	0.4	0.7984	0.7929	0.7875	0.782
150	0.7449	0	0.6	0.6	0.6	0.6	0.7984	0.7929	0.7875	0.782
151	0.7449	0	0.6	0.6	0.6	0.8	0.7984	0.7929	0.7875	0.782
152	0.7449	0	0.6	0.6	0.6	1	0.7984	0.7929	0.7875	0.782
153	0.7449	0	0.6	0.6	0.8	0.4	0.7984	0.7929	0.7875	0.782
154	0.7449	0	0.6	0.6	0.8	0.6	0.7984	0.7929	0.7875	0.782
155	0.7449	0	0.6	0.6	0.8	0.8	0.7984	0.7929	0.7875	0.782
156	0.7449	0	0.6	0.6	0.8	1	0.7984	0.7929	0.7875	0.782
157	0.7449	0	0.6	0.6	1	0.4	0.7984	0.7929	0.7875	0.782
158	0.7449	0	0.6	0.6	1	0.6	0.7984	0.7929	0.7875	0.782
159	0.7449	0	0.6	0.6	1	0.8	0.7984	0.7929	0.7875	0.782
160	0.7449	0	0.6	0.6	1	1	0.7984	0.7929	0.7875	0.782
161	0.7449	0	0.6	0.8	0.4	0.4	0.7984	0.7929	0.7875	0.782
162	0.7449	0	0.6	0.8	0.4	0.6	0.7984	0.7929	0.7875	0.782
163	0.7449	0	0.6	0.8	0.4	0.8	0.7984	0.7929	0.7875	0.782
164	0.7449	0	0.6	0.8	0.4	1	0.7984	0.7929	0.7875	0.782
165	0.7449	0	0.6	0.8	0.6	0.4	0.7984	0.7929	0.7875	0.782
166	0.7449	0	0.6	0.8	0.6	0.6	0.7984	0.7929	0.7875	0.782
167	0.7449	0	0.6	0.8	0.6	0.8	0.7984	0.7929	0.7875	0.782
168	0.7449	0	0.6	0.8	0.6	1	0.7984	0.7929	0.7875	0.782
169	0.7449	0	0.6	0.8	0.8	0.4	0.7984	0.7929	0.7875	0.782
170	0.7449	0	0.6	0.8	0.8	0.6	0.7984	0.7929	0.7875	0.782
171	0.7449	0	0.6	0.8	0.8	0.8	0.7984	0.7929	0.7875	0.782
172	0.7449	0	0.6	0.8	0.8	1	0.7984	0.7929	0.7875	0.782
173	0.7449	0	0.6	0.8	1	0.4	0.7984	0.7929	0.7875	0.782
174	0.7449	0	0.6	0.8	1	0.6	0.7984	0.7929	0.7875	0.782
175	0.7449	0	0.6	0.8	1	0.8	0.7984	0.7929	0.7875	0.782
176	0.7449	0	0.6	0.8	1	1	0.7984	0.7929	0.7875	0.782
177	0.7449	0	0.6	1	0.4	0.4	0.7984	0.7929	0.7875	0.782
178	0.7449	0	0.6	1	0.4	0.6	0.7984	0.7929	0.7875	0.782
179	0.7449	0	0.6	1	0.4	0.8	0.7984	0.7929	0.7875	0.782
180	0.7449	0	0.6	1	0.4	1	0.7984	0.7929	0.7875	0.782
181	0.7449	0	0.6	1	0.6	0.4	0.7984	0.7929	0.7875	0.782
182	0.7449	0	0.6	1	0.6	0.6	0.7984	0.7929	0.7875	0.782
183	0.7449	0	0.6	1	0.6	0.8	0.7984	0.7929	0.7875	0.782
184	0.7449	0	0.6	1	0.6	1	0.7984	0.7929	0.7875	0.782
185	0.7449	0	0.6	1	0.8	0.4	0.7984	0.7929	0.7875	0.782
186	0.7449	0	0.6	1	0.8	0.6	0.7984	0.7929	0.7875	0.782
187	0.7449	0	0.6	1	0.8	0.8	0.7984	0.7929	0.7875	0.782
188	0.7449	0	0.6	1	0.8	1	0.7984	0.7929	0.7875	0.782
189	0.7449	0	0.6	1	1	0.4	0.7984	0.7929	0.7875	0.782
190	0.7449	0	0.6	1	1	0.6	0.7984	0.7929	0.7875	0.782
191	0.7449	0	0.6	1	1	0.8	0.7984	0.7929	0.7875	0.782
192	0.7449	0	0.6	1	1	1	0.7984	0.7929	0.7875	0.782
193	0.7449	0	0.8	0.4	0.4	0.4	0.7984	0.7929	0.7875	0.782
194	0.7449	0	0.8	0.4	0.4	0.6	0.7984	0.7929	0.7875	0.782
195	0.7449	0	0.8	0.4	0.4	0.8	0.7984	0.7929	0.7875	0.782
196	0.7449	0	0.8	0.4	0.4	1	0.7984	0.7929	0.7875	0.782
197	0.7449	0	0.8	0.4	0.6	0.4	0.7984	0.7929	0.7875	0.782
198	0.7449	0	0.8	0.4	0.6	0.6	0.7984	0.7929	0.7875	0.782
199	0.7449	0	0.8	0.4	0.6	0.8	0.7984	0.7929	0.7875	0.782
200	0.7449	0	0.8	0.4	0.6	1	0.7984	0.7929	0.7875	0.782
201	0.7449	0	0.8	0.4	0.8	0.4	0.7984	0.7929	0.7875	0.782
202	0.7449	0	0.8	0.4	0.8	0.6	0.7984	0.7929	0.7875	0.782
203	0.7449	0	0.8	0.4	0.8	0.8	0.7984	0.7929	0.7875	0.782
204	0.7449	0	0.8	0.4	0.8	1	0.7984	0.7929	0.7875	0.782
205	0.7449	0	0.8	0.4	1	0.4	0.7984	0.7929	0.7875	0.782
206	0.7449	0	0.8	0.4	1	0.6	0.7984	0.7929	0.7875	0.782
207	0.7449	0	0.8	0.4	1	0.8	0.7984	0.7929	0.7875	0.782
208	0.7449	0	0.8	0.4	1	1	0.7984	0.7929	0.7875	0.782
209	0.7449	0	0.8	0.6	0.4	0.4	0.7984	0.7929	0.7875	0.782
210	0.7449	0	0.8	0.6	0.4	0.6	0.7984	0.7929	0.7875	0.782
211	0.7449	0	0.8	0.6	0.4	0.8	0.7984	0.7929	0.7875	0.782
212	0.7449	0	0.8	0.6	0.4	1	0.7984	0.7929	0.7875	0.782
213	0.7449	0	0.8	0.6	0.6	0.4	0.7984	0.7929	0.7875	0.782
214	0.7449	0	0.8	0.6	0.6	0.6	0.7984	0.7929	0.7875	0.782
215	0.7449	0	0.8	0.6	0.6	0.8	0.7984	0.7929	0.7875	0.782
216	0.7449	0	0.8	0.6	0.6	1	0.7984	0.7929	0.7875	0.782
217	0.7449	0	0.8	0.6	0.8	0.4	0.7984	0.7929	0.7875	0.782
218	0.7449	0	0.8	0.6	0.8	0.6	0.7984	0.7929	0.7875	0.782
219	0.7449	0	0.8	0.6	0.8	0.8	0.7984	0.7929	0.7875	0.782
220	0.7449	0	0.8	0.6	0.8	1	0.7984	0.7929	0.7875	0.782
221	0.7449	0	0.8	0.6	1	0.4	0.7984	0.7929	0.7875	0.782
222	0.7449	0	0.8	0.6	1	0.6	0.7984	0.7929	0.7875	0.782
223	0.7449	0	0.8	0.6	1	0.8	0.7984	0.7929	0.7875	0.782
224	0.7449	0	0.8	0.6	1	1	0.7984	0.7929	0.7875	0.782
225	0.7449	0	0.8	0.8	0.4	0.4	0.7984	0.7929	0.7875	0.782
226	0.7449	0	0.8	0.8	0.4	0.6	0.7984	0.7929	0.7875	0.782
227	0.7449	0	0.8	0.8	0.4	0.8	0.7984	0.7929	0.7875	0.782
228	0.7449	0	0.8	0.8	0.4	1	0.7984	0.7929	0.7875	0.782
229	0.7449	0	0.8	0.8	0.6	0.4	0.7984	0.7929	0.7875	0.782
230	0.7449	0	0.8	0.8	0.6	0.6	0.7984	0.7929	0.7875	0.782
231	0.7449	0	0.8	0.8	0.6	0.8	0.7984	0.7929	0.7875	0.782
232	0.7449	0	0.8	0.8	0.6	1	0.7984	0.7929	0.7875	0.782
233	0.7449	0	0.8	0.8	0.8	0.4	0.7984	0.7929	0.7875	0.782
234	0.7449	0	0.8	0.8	0.8	0.6	0.7984	0.7929	0.7875	0.782
235	0.7449	0	0.8	0.8	0.8	0.8	0.7984	0.7929	0.7875	0.782
236	0.7449	0	0.8	0.8	0.8	1	0.7984	0.7929	0.7875	0.782
237	0.7449	0	0.8	0.8	1	0.4	0.7984	0.7929	0.7875	0.782
238	0.7449	0	0.8	0.8	1	0.6	0.7984	0.7929	0.7875	0.782
239	0.7449	0	0.8	0.8	1	0.8	0.7984	0.7929	0.7875	0.782
240	0.7449	0	0.8	0.8	1	1	0.7984	0.7929	0.7875	0.782
241	0.7449	0	0.8	1	0.4	0.4	0.7984	0.7929	0.7875	0.782
242	0.7449	0	0.8	1	0.4	0.6	0.7984	0.7929	0.7875	0.782
243	0.7449	0	0.8	1	0.4	0.8	0.7984	0.7929	0.7875	0.782
244	0.7449	0	0.8	1	0.4	1	0.7984	0.7929	0.7875	0.782
245	0.7449	0	0.8	1	0.6	0.4	0.7984	0.7929	0.7875	0.782
246	0.7449	0	0.8	1	0.6	0.6	0.7984	0.7929	0.7875	0.782
247	0.7449	0	0.8	1	0.6	0.8	0.7984	0.7929	0.7875	0.782
248	0.7449	0	0.8	1	0.6	1	0.7984	0.7929	0.7875	0.782
249	0.7449	0	0.8	1	0.8	0.4	0.7984	0.7929	0.7875	0.782
250	0.7449	0	0.8	1	0.8	0.6	0.7984	0.7929	0.7875	0.782
251	0.7449	0	0.8	1	0.8	0.8	0.7984	0.7929	0.7875	0.782
252	0.7449	0	0.8	1	0.8	1	0.7984	0.7929	0.7875	0.782
253	0.7449	0	0.8	1	1	0.4	0.7984	0.7929	0.7875	0.782
254	0.7449	0	0.8	1	1	0.6	0.7984	0.7929	0.7875	0.782
255	0.7449	0	0.8	1	1	0.8	0.7984	0.7929	0.7875	0.782
256	0.7449	0	0.8	1	1	1	0.7984	0.7929	0.7875	0.782
257	0.7449	0	1	0.4	0.4	0.4	0.7984	0.7929	0.7875	0.782
258	0.7449	0	1	0.4	0.4	0.6	0.7984	0.7929	0.7875	0.782
259	0.7449	0	1	0.4	0.4	0.8	0.7984	0.7929	0.7875	0.782
260	0.7449	0	1	0.4	0.4	1	0.7984	0.7929	0.7875	0.782
261	0.7449	0	1	0.4	0.6	0.4	0.7984	0.7929	0.7875	0.782
262	0.7449	0	1	0.4	0.6	0.6	0.7984	0.7929	0.7875	0.782
263	0.7449	0	1	0.4	0.6	0.8	0.7984	0.7929	0.7875	0.782
264	0.7449	0	1	0.4	0.6	1	0.7984	0.7929	0.7875	0.782
265	0.7449	0	1	0.4	0.8	0.4	0.7984	0.7929	0.7875	0.782
266	0.7449	0	1	0.4	0.8	0.6	0.7984	0.7929	0.7875	0.782
267	0.7449	0	1	0.4	0.8	0.8	0.7984	0.7929	0.7875	0.782
268	0.7449	0	1	0.4	0.8	1	0.7984	0.7929	0.7875	0.782
269	0.7449	0	1	0.4	1	0.4	0.7984	0.7929	0.7875	0.782
270	0.7449	0	1	0.4	1	0.6	0.7984	0.7929	0.7875	0.782
271	0.7449	0	1	0.4	1	0.8	0.7984	0.7929	0.7875	0.782
272	0.7449	0	1	0.4	1	1	0.7984	0.7929	0.7875	0.782
273	0.7449	0	1	0.6	0.4	0.4	0.7984	0.7929	0.7875	0.782
274	0.7449	0	1	0.6	0.4	0.6	0.7984	0.7929	0.7875	0.782
275	0.7449	0	1	0.6	0.4	0.8	0.7984	0.7929	0.7875	0.782
276	0.7449	0	1	0.6	0.4	1	0.7984	0.7929	0.7875	0.782
277	0.7449	0	1	0.6	0.6	0.4	0.7984	0.7929	0.7875	0.782
278	0.7449	0	1	0.6	0.6	0.6	0.7984	0.7929	0.7875	0.782
279	0.7449	0	1	0.6	0.6	0.8	0.7984	0.7929	0.7875	0.782
280	0.7449	0	1	0.6	0.6	1	0.7984	0.7929	0.7875	0.782
281	0.7449	0	1	0.6	0.8	0.4	0.7984	0.7929	0.7875	0.782
282	0.7449	0	1	0.6	0.8	0.6	0.7984	0.7929	0.7875	0.782
283	0.7449	0	1	0.6	0.8	0.8	0.7984	0.7929	0.7875	0.782
284	0.7449	0	1	0.6	0.8	1	0.7984	0.7929	0.7875	0.782
285	0.7449	0	1	0.6	1	0.4	0.7984	0.7929	0.7875	0.782
286	0.7449	0	1	0.6	1	0.6	0.7984	0.7929	0.7875	0.782
287	0.7449	0	1	0.6	1	0.8	0.7984	0.7929	0.7875	0.782
288	0.7449	0	1	0.6	1	1	0.7984	0.7929	0.7875	0.782
289	0.7449	0	1	0.8	0.4	0.4	0.7984	0.7929	0.7875	0.782
290	0.7449	0	1	0.8	0.4	0.6	0.7984	0.7929	0.7875	0.782
291	0.7449	0	1	0.8	0.4	0.8	0.7984	0.7929	0.7875	0.782
292	0.7449	0	1	0.8	0.4	1	0.7984	0.7929	0.7875	0.782
293	0.7449	0	1	0.8	0.6	0.4	0.7984	0.7929	0.7875	0.782
294	0.7449	0	1	0.8	0.6	0.6	0.7984	0.7929	0.7875	0.782
295	0.7449	0	1	0.8	0.6	0.8	0.7984	0.7929	0.7875	0.782
296	0.7449	0	1	0.8	0.6	1	0.7984	0.7929	0.7875	0.782
297	0.7449	0	1	0.8	0.8	0.4	0.7984	0.7929	0.7875	0.782
298	0.7449	0	1	0.8	0.8	0.6	0.7984	0.7929	0.7875	0.782
299	0.7449	0	1	0.8	0.8	0.8	0.7984	0.7929	0.7875	0.782
300	0.7449	0	1	0.8	0.8	1	0.7984	0.7929	0.7875	0.782
301	0.7449	0	1	0.8	1	0.4	0.7984	0.7929	0.7875	0.782
302	0.7449	0	1	0.8	1	0.6	0.7984	0.7929	0.7875	0.782
303	0.7449	0	1	0.8	1	0.8	0.7984	0.7929	0.7875	0.782
304	0.7449	0	1	0.8	1	1	0.7984	0.7929	0.7875	0.782
305	0.7449	0	1	1	0.4	0.4	0.7984	0.7929	0.7875	0.782
306	0.7449	0	1	1	0.4	0.6	0.7984	0.7929	0.7875	0.782
307	0.7449	0	1	1	0.4	0.8	0.7984	0.7929	0.7875	0.782
308	0.7449	0	1	1	0.4	1	0.7984	0.7929	0.7875	0.782
309	0.7449	0	1	1	0.6	0.4	0.7984	0.7929	0.7875	0.782
310	0.7449	0	1	1	0.6	0.6	0.7984	0.7929	0.7875	0.782
311	0.7449	0	1	1	0.6	0.8	0.7984	0.7929	0.7875	0.782
312	0.7449	0	1	1	0.6	1	0.7984	0.7929	0.7875	0.782
313	0.7449	0	1	1	0.8	0.4	0.7984	0.7929	0.7875	0.782
314	0.7449	0	1	1	0.8	0.6	0.7984	0.7929	0.7875	0.782
315	0.7449	0	1	1	0.8	0.8	0.7984	0.7929	0.7875	0.782
316	0.7449	0	1	1	0.8	1	0.7984	0.7929	0.7875	0.782
317	0.7449	0	1	1	1	0.4	0.7984	0.7929	0.7875	0.782
318	0.7449	0	1	1	1	0.6	0.7984	0.7929	0.7875	0.782
319	0.7449	0	1	1	1	0.8	0.7984	0.7929	0.7875	0.782
320	0.7449	0	1	1	1	1	0.7984	0.7929	0.7875	0.782
321	1.109	0.0954	0	0.4	0.4	0.4	0.8	0.7945	0.7891	0.7836
322	1.109	0.0954	0	0.4	0.4	0.6	0.8	0.7945	0.7891	0.7836
323	1.109	0.0954	0	0.4	0.4	0.8	0.8	0.7945	0.7891	0.7836
324	1.109	0.0954	0	0.4	0.4	1	0.8	0.7945	0.7891	0.7836
325	1.109	0.0954	0	0.4	0.6	0.4	0.8	0.7945	0.7891	0.7836
326	1.109	0.0954	0	0.4	0.6	0.6	0.8	0.7945	0.7891	0.7836
327	1.109	0.0954	0	0.4	0.6	0.8	0.8	0.7945	0.7891	0.7836
328	1.109	0.0954	0	0.4	0.6	1	0.8	0.7945	0.7891	0.7836
329	1.109	0.0954	0	0.4	0.8	0.4	0.8	0.7945	0.7891	0.7836
330	1.109	0.0954	0	0.4	0.8	0.6	0.8	0.7945	0.7891	0.7836
331	1.109	0.0954	0	0.4	0.8	0.8	0.8	0.7945	0.7891	0.7836
332	1.109	0.0954	0	0.4	0.8	1	0.8	0.7945	0.7891	0.7836
333	1.109	0.0954	0	0.4	1	0.4	0.8	0.7945	0.7891	0.7836
334	1.109	0.0954	0	0.4	1	0.6	0.8	0.7945	0.7891	0.7836
335	1.109	0.0954	0	0.4	1	0.8	0.8	0.7945	0.7891	0.7836
336	1.109	0.0954	0	0.4	1	1	0.8	0.7945	0.7891	0.7836
337	1.109	0.0954	0	0.6	0.4	0.4	0.8	0.7945	0.7891	0.7836
338	1.109	0.0954	0	0.6	0.4	0.6	0.8	0.7945	0.7891	0.7836
339	1.109	0.0954	0	0.6	0.4	0.8	0.8	0.7945	0.7891	0.7836
340	1.109	0.0954	0	0.6	0.4	1	0.8	0.7945	0.7891	0.7836
341	1.109	0.0954	0	0.6	0.6	0.4	0.8	0.7945	0.7891	0.7836
342	1.109	0.0954	0	0.6	0.6	0.6	0.8	0.7945	0.7891	0.7836
343	1.109	0.0954	0	0.6	0.6	0.8	0.8	0.7945	0.7891	0.7836
344	1.109	0.0954	0	0.6	0.6	1	0.8	0.7945	0.7891	0.7836
345	1.109	0.0954	0	0.6	0.8	0.4	0.8	0.7945	0.7891	0.7836
346	1.109	0.0954	0	0.6	0.8	0.6	0.8	0.7945	0.7891	0.7836
347	1.109	0.0954	0	0.6	0.8	0.8	0.8	0.7945	0.7891	0.7836
348	1.109	0.0954	0	0.6	0.8	1	0.8	0.7945	0.7891	0.7836
349	1.109	0.0954	0	0.6	1	0.4	0.8	0.7945	0.7891	0.7836
350	1.109	0.0954	0	0.6	1	0.6	0.8	0.7945	0.7891	0.7836
351	1.109	0.0954	0	0.6	1	0.8	0.8	0.7945	0.7891	0.7836
352	1.109	0.0954	0	0.6	1	1	0.8	0.7945	0.7891	0.7836
353	1.109	0.0954	0	0.8	0.4	0.4	0.8	0.7945	0.7891	0.7836
354	1.109	0.0954	0	0.8	0.4	0.6	0.8	0.7945	0.7891	0.7836
355	1.109	0.0954	0	0.8	0.4	0.8	0.8	0.7945	0.7891	0.7836
356	1.109	0.0954	0	0.8	0.4	1	0.8	0.7945	0.7891	0.7836
357	1.109	0.0954	0	0.8	0.6	0.4	0.8	0.7945	0.7891	0.7836
358	1.109	0.0954	0	0.8	0.6	0.6	0.8	0.7945	0.7891	0.7836
359	1.109	0.0954	0	0.8	0.6	0.8	0.8	0.7945	0.7891	0.7836
360	1.109	0.0954	0	0.8	0.6	1	0.8	0.7945	0.7891	0.7836
361	1.109	0.0954	0	0.8	0.8	0.4	0.8	0.7945	0.7891	0.7836
362	1.109	0.0954	0	0.8	0.8	0.6	0.8	0.7945	0.7891	0.7836
363	1.109	0.0954	0	0.8	0.8	0.8	0.8	0.7945	0.7891	0.7836
364	1.109	0.0954	0	0.8	0.8	1	0.8	0.7945	0.7891	0.7836
365	1.109	0.0954	0	0.8	1	0.4	0.8	0.7945	0.7891	0.7836
366	1.109	0.0954	0	0.8	1	0.6	0.8	0.7945	0.7891	0.7836
367	1.109	0.0954	0	0.8	1	0.8	0.8	0.7945	0.7891	0.7836
368	1.109	0.0954	0	0.8	1	1	0.8	0.7945	0.7891	0.7836
369	1.109	0.0954	0	1	0.4	0.4	0.8	0.7945	0.7891	0.7836
370	1.109	0.0954	0	1	0.4	0.6	0.8	0.7945	0.7891	0.7836
371	1.109	0.0954	0	1	0.4	0.8	0.8	0.7945	0.7891	0.7836
372	1.109	0.0954	0	1	0.4	1	0.8	0.7945	0.7891	0.7836
373	1.109	0.0954	0	1	0.6	0.4	0.8	0.7945	0.7891	0.7836
374	1.109	0.0954	0	1	0.6	0.6	0.8	0.7945	0.7891	0.7836
375	1.109	0.0954	0	1	0.6	0.8	0.8	0.7945	0.7891	0.7836
376	1.109	0.0954	0	1	0.6	1	0.8	0.7945	0.7891	0.7836
377	1.109	0.0954	0	1	0.8	0.4	0.8	0.7945	0.7891	0.7836
378	1.109	0.0954	0	1	0.8	0.6	0.8	0.7945	0.7891	0.7836
379	1.109	0.0954	0	1	0.8	0.8	0.8	0.7945	0.7891	0.7836
380	1.109	0.0954	0	1	0.8	1	0.8	0.7945	0.7891	0.7836
381	1.109	0.0954	0	1	1	0.4	0.8	0.7945	0.7891	0.7836
382	1.109	0.0954	0	1	1	0.6	0.8	0.7945	0.7891	0.7836
383	1.109	0.0954	0	1	1	0.8	0.8	0.7945	0.7891	0.7836
384	1.109	0.0954	0	1	1	1	0.8	0.7945	0.7891	0.7836
385	1.5177	0.2025	0.2	0.4	0.4	0.2	0.7984	0.7929	0.7875	0.7858
386	1.5177	0.2025	0.2	0.4	0.6	0.2	0.7984	0.7929	0.7875	0.7858
387	1.5177	0.2025	0.2	0.4	0.8	0.2	0.7984	0.7929	0.7875	0.7858
388	1.5177	0.2025	0.2	0.4	1	0.2	0.7984	0.7929	0.7875	0.7858
389	1.5177	0.2025	0.2	0.6	0.4	0.2	0.7984	0.7929	0.7875	0.7858
390	1.5177	0.2025	0.2	0.6	0.6	0.2	0.7984	0.7929	0.7875	0.7858
391	1.5177	0.2025	0.2	0.6	0.8	0.2	0.7984	0.7929	0.7875	0.7858
392	1.5177	0.2025	0.2	0.6	1	0.2	0.7984	0.7929	0.7875	0.7858
393	1.5177	0.2025	0.2	0.8	0.4	0.2	0.7984	0.7929	0.7875	0.7858
394	1.5177	0.2025	0.2	0.8	0.6	0.2	0.7984	0.7929	0.7875	0.7858
395	1.5177	0.2025	0.2	0.8	0.8	0.2	0.7984	0.7929	0.7875	0.7858
396	1.5177	0.2025	0.2	0.8	1	0.2	0.7984	0.7929	0.7875	0.7858
397	1.5177	0.2025	0.2	1	0.4	0.2	0.7984	0.7929	0.7875	0.7858
398	1.5177	0.2025	0.2	1	0.6	0.2	0.7984	0.7929	0.7875	0.7858
399	1.5177	0.2025	0.2	1	0.8	0.2	0.7984	0.7929	0.7875	0.7858
400	1.5177	0.2025	0.2	1	1	0.2	0.7984	0.7929	0.7875	0.7858
401	1.5177	0.2025	0.4	0.4	0.4	0.2	0.7984	0.7929	0.7875	0.7858
402	1.5177	0.2025	0.4	0.4	0.6	0.2	0.7984	0.7929	0.7875	0.7858
403	1.5177	0.2025	0.4	0.4	0.8	0.2	0.7984	0.7929	0.7875	0.7858
404	1.5177	0.2025	0.4	0.4	1	0.2	0.7984	0.7929	0.7875	0.7858
405	1.5177	0.2025	0.4	0.6	0.4	0.2	0.7984	0.7929	0.7875	0.7858
406	1.5177	0.2025	0.4	0.6	0.6	0.2	0.7984	0.7929	0.7875	0.7858
407	1.5177	0.2025	0.4	0.6	0.8	0.2	0.7984	0.7929	0.7875	0.7858
408	1.5177	0.2025	0.4	0.6	1	0.2	0.7984	0.7929	0.7875	0.7858
409	1.5177	0.2025	0.4	0.8	0.4	0.2	0.7984	0.7929	0.7875	0.7858
410	1.5177	0.2025	0.4	0.8	0.6	0.2	0.7984	0.7929	0.7875	0.7858
411	1.5177	0.2025	0.4	0.8	0.8	0.2	0.7984	0.7929	0.7875	0.7858
412	1.5177	0.2025	0.4	0.8	1	0.2	0.7984	0.7929	0.7875	0.7858
413	1.5177	0.2025	0.4	1	0.4	0.2	0.7984	0.7929	0.7875	0.7858
414	1.5177	0.2025	0.4	1	0.6	0.2	0.7984	0.7929	0.7875	0.7858
415	1.5177	0.2025	0.4	1	0.8	0.2	0.7984	0.7929	0.7875	0.7858
416	1.5177	0.2025	0.4	1	1	0.2	0.7984	0.7929	0.7875	0.7858
417	1.5177	0.2025	0.6	0.4	0.4	0.2	0.7984	0.7929	0.7875	0.7858
418	1.5177	0.2025	0.6	0.4	0.6	0.2	0.7984	0.7929	0.7875	0.7858
419	1.5177	0.2025	0.6	0.4	0.8	0.2	0.7984	0.7929	0.7875	0.7858
420	1.5177	0.2025	0.6	0.4	1	0.2	0.7984	0.7929	0.7875	0.7858
421	1.5177	0.2025	0.6	0.6	0.4	0.2	0.7984	0.7929	0.7875	0.7858
422	1.5177	0.2025	0.6	0.6	0.6	0.2	0.7984	0.7929	0.7875	0.7858
423	1.5177	0.2025	0.6	0.6	0.8	0.2	0.7984	0.7929	0.7875	0.7858
424	1.5177	0.2025	0.6	0.6	1	0.2	0.7984	0.7929	0.7875	0.7858
425	1.5177	0.2025	0.6	0.8	0.4	0.2	0.7984	0.7929	0.7875	0.7858
426	1.5177	0.2025	0.6	0.8	0.6	0.2	0.7984	0.7929	0.7875	0.7858
427	1.5177	0.2025	0.6	0.8	0.8	0.2	0.7984	0.7929	0.7875	0.7858
428	1.5177	0.2025	0.6	0.8	1	0.2	0.7984	0.7929	0.7875	0.7858
429	1.5177	0.2025	0.6	1	0.4	0.2	0.7984	0.7929	0.7875	0.7858
430	1.5177	0.2025	0.6	1	0.6	0.2	0.7984	0.7929	0.7875	0.7858
431	1.5177	0.2025	0.6	1	0.8	0.2	0.7984	0.7929	0.7875	0.7858
432	1.5177	0.2025	0.6	1	1	0.2	0.7984	0.7929	0.7875	0.7858
433	1.5177	0.2025	0.8	0.4	0.4	0.2	0.7984	0.7929	0.7875	0.7858
434	1.5177	0.2025	0.8	0.4	0.6	0.2	0.7984	0.7929	0.7875	0.7858
435	1.5177	0.2025	0.8	0.4	0.8	0.2	0.7984	0.7929	0.7875	0.7858
436	1.5177	0.2025	0.8	0.4	1	0.2	0.7984	0.7929	0.7875	0.7858
437	1.5177	0.2025	0.8	0.6	0.4	0.2	0.7984	0.7929	0.7875	0.7858
438	1.5177	0.2025	0.8	0.6	0.6	0.2	0.7984	0.7929	0.7875	0.7858
439	1.5177	0.2025	0.8	0.6	0.8	0.2	0.7984	0.7929	0.7875	0.7858
440	1.5177	0.2025	0.8	0.6	1	0.2	0.7984	0.7929	0.7875	0.7858
441	1.5177	0.2025	0.8	0.8	0.4	0.2	0.7984	0.7929	0.7875	0.7858
442	1.5177	0.2025	0.8	0.8	0.6	0.2	0.7984	0.7929	0.7875	0.7858
443	1.5177	0.2025	0.8	0.8	0.8	0.2	0.7984	0.7929	0.7875	0.7858
444	1.5177	0.2025	0.8	0.8	1	0.2	0.7984	0.7929	0.7875	0.7858
445	1.5177	0.2025	0.8	1	0.4	0.2	0.7984	0.7929	0.7875	0.7858
446	1.5177	0.2025	0.8	1	0.6	0.2	0.7984	0.7929	0.7875	0.7858
447	1.5177	0.2025	0.8	1	0.8	0.2	0.7984	0.7929	0.7875	0.7858
448	1.5177	0.2025	0.8	1	1	0.2	0.7984	0.7929	0.7875	0.7858
449	1.5177	0.2025	1	0.4	0.4	0.2	0.7984	0.7929	0.7875	0.7858
450	1.5177	0.2025	1	0.4	0.6	0.2	0.7984	0.7929	0.7875	0.7858
451	1.5177	0.2025	1	0.4	0.8	0.2	0.7984	0.7929	0.7875	0.7858
452	1.5177	0.2025	1	0.4	1	0.2	0.7984	0.7929	0.7875	0.7858
453	1.5177	0.2025	1	0.6	0.4	0.2	0.7984	0.7929	0.7875	0.7858
454	1.5177	0.2025	1	0.6	0.6	0.2	0.7984	0.7929	0.7875	0.7858
455	1.5177	0.2025	1	0.6	0.8	0.2	0.7984	0.7929	0.7875	0.7858
456	1.5177	0.2025	1	0.6	1	0.2	0.7984	0.7929	0.7875	0.7858
457	1.5177	0.2025	1	0.8	0.4	0.2	0.7984	0.7929	0.7875	0.7858
458	1.5177	0.2025	1	0.8	0.6	0.2	0.7984	0.7929	0.7875	0.7858
459	1.5177	0.2025	1	0.8	0.8	0.2	0.7984	0.7929	0.7875	0.7858
460	1.5177	0.2025	1	0.8	1	0.2	0.7984	0.7929	0.7875	0.7858
461	1.5177	0.2025	1	1	0.4	0.2	0.7984	0.7929	0.7875	0.7858
462	1.5177	0.2025	1	1	0.6	0.2	0.7984	0.7929	0.7875	0.7858
463	1.5177	0.2025	1	1	0.8	0.2	0.7984	0.7929	0.7875	0.7858
464	1.5177	0.2025	1	1	1	0.2	0.7984	0.7929	0.7875	0.7858
465	1.5205	0.2032	0.2	0.4	0.2	0.4	0.7984	0.7929	0.7912	0.7858
466	1.5205	0.2032	0.2	0.4	0.2	0.6	0.7984	0.7929	0.7912	0.7858
467	1.5205	0.2032	0.2	0.4	0.2	0.8	0.7984	0.7929	0.7912	0.7858
468	1.5205	0.2032	0.2	0.4	0.2	1	0.7984	0.7929	0.7912	0.7858
469	1.5205	0.2032	0.2	0.6	0.2	0.4	0.7984	0.7929	0.7912	0.7858
470	1.5205	0.2032	0.2	0.6	0.2	0.6	0.7984	0.7929	0.7912	0.7858
471	1.5205	0.2032	0.2	0.6	0.2	0.8	0.7984	0.7929	0.7912	0.7858
472	1.5205	0.2032	0.2	0.6	0.2	1	0.7984	0.7929	0.7912	0.7858
473	1.5205	0.2032	0.2	0.8	0.2	0.4	0.7984	0.7929	0.7912	0.7858
474	1.5205	0.2032	0.2	0.8	0.2	0.6	0.7984	0.7929	0.7912	0.7858
475	1.5205	0.2032	0.2	0.8	0.2	0.8	0.7984	0.7929	0.7912	0.7858
476	1.5205	0.2032	0.2	0.8	0.2	1	0.7984	0.7929	0.7912	0.7858
477	1.5205	0.2032	0.2	1	0.2	0.4	0.7984	0.7929	0.7912	0.7858
478	1.5205	0.2032	0.2	1	0.2	0.6	0.7984	0.7929	0.7912	0.7858
479	1.5205	0.2032	0.2	1	0.2	0.8	0.7984	0.7929	0.7912	0.7858
480	1.5205	0.2032	0.2	1	0.2	1	0.7984	0.7929	0.7912	0.7858
481	1.5205	0.2032	0.4	0.4	0.2	0.4	0.7984	0.7929	0.7912	0.7858
482	1.5205	0.2032	0.4	0.4	0.2	0.6	0.7984	0.7929	0.7912	0.7858
483	1.5205	0.2032	0.4	0.4	0.2	0.8	0.7984	0.7929	0.7912	0.7858
484	1.5205	0.2032	0.4	0.4	0.2	1	0.7984	0.7929	0.7912	0.7858
485	1.5205	0.2032	0.4	0.6	0.2	0.4	0.7984	0.7929	0.7912	0.7858
486	1.5205	0.2032	0.4	0.6	0.2	0.6	0.7984	0.7929	0.7912	0.7858
487	1.5205	0.2032	0.4	0.6	0.2	0.8	0.7984	0.7929	0.7912	0.7858
488	1.5205	0.2032	0.4	0.6	0.2	1	0.7984	0.7929	0.7912	0.7858
489	1.5205	0.2032	0.4	0.8	0.2	0.4	0.7984	0.7929	0.7912	0.7858
490	1.5205	0.2032	0.4	0.8	0.2	0.6	0.7984	0.7929	0.7912	0.7858
491	1.5205	0.2032	0.4	0.8	0.2	0.8	0.7984	0.7929	0.7912	0.7858
492	1.5205	0.2032	0.4	0.8	0.2	1	0.7984	0.7929	0.7912	0.7858
493	1.5205	0.2032	0.4	1	0.2	0.4	0.7984	0.7929	0.7912	0.7858
494	1.5205	0.2032	0.4	1	0.2	0.6	0.7984	0.7929	0.7912	0.7858
495	1.5205	0.2032	0.4	1	0.2	0.8	0.7984	0.7929	0.7912	0.7858
496	1.5205	0.2032	0.4	1	0.2	1	0.7984	0.7929	0.7912	0.7858
497	1.5205	0.2032	0.6	0.4	0.2	0.4	0.7984	0.7929	0.7912	0.7858
498	1.5205	0.2032	0.6	0.4	0.2	0.6	0.7984	0.7929	0.7912	0.7858
499	1.5205	0.2032	0.6	0.4	0.2	0.8	0.7984	0.7929	0.7912	0.7858
500	1.5205	0.2032	0.6	0.4	0.2	1	0.7984	0.7929	0.7912	0.7858
501	1.5205	0.2032	0.6	0.6	0.2	0.4	0.7984	0.7929	0.7912	0.7858
502	1.5205	0.2032	0.6	0.6	0.2	0.6	0.7984	0.7929	0.7912	0.7858
503	1.5205	0.2032	0.6	0.6	0.2	0.8	0.7984	0.7929	0.7912	0.7858
504	1.5205	0.2032	0.6	0.6	0.2	1	0.7984	0.7929	0.7912	0.7858
505	1.5205	0.2032	0.6	0.8	0.2	0.4	0.7984	0.7929	0.7912	0.7858
506	1.5205	0.2032	0.6	0.8	0.2	0.6	0.7984	0.7929	0.7912	0.7858
507	1.5205	0.2032	0.6	0.8	0.2	0.8	0.7984	0.7929	0.7912	0.7858
508	1.5205	0.2032	0.6	0.8	0.2	1	0.7984	0.7929	0.7912	0.7858
509	1.5205	0.2032	0.6	1	0.2	0.4	0.7984	0.7929	0.7912	0.7858
510	1.5205	0.2032	0.6	1	0.2	0.6	0.7984	0.7929	0.7912	0.7858
511	1.5205	0.2032	0.6	1	0.2	0.8	0.7984	0.7929	0.7912	0.7858
512	1.5205	0.2032	0.6	1	0.2	1	0.7984	0.7929	0.7912	0.7858
513	1.5205	0.2032	0.8	0.4	0.2	0.4	0.7984	0.7929	0.7912	0.7858
514	1.5205	0.2032	0.8	0.4	0.2	0.6	0.7984	0.7929	0.7912	0.7858
515	1.5205	0.2032	0.8	0.4	0.2	0.8	0.7984	0.7929	0.7912	0.7858
516	1.5205	0.2032	0.8	0.4	0.2	1	0.7984	0.7929	0.7912	0.7858
517	1.5205	0.2032	0.8	0.6	0.2	0.4	0.7984	0.7929	0.7912	0.7858
518	1.5205	0.2032	0.8	0.6	0.2	0.6	0.7984	0.7929	0.7912	0.7858
519	1.5205	0.2032	0.8	0.6	0.2	0.8	0.7984	0.7929	0.7912	0.7858
520	1.5205	0.2032	0.8	0.6	0.2	1	0.7984	0.7929	0.7912	0.7858
521	1.5205	0.2032	0.8	0.8	0.2	0.4	0.7984	0.7929	0.7912	0.7858
522	1.5205	0.2032	0.8	0.8	0.2	0.6	0.7984	0.7929	0.7912	0.7858
523	1.5205	0.2032	0.8	0.8	0.2	0.8	0.7984	0.7929	0.7912	0.7858
524	1.5205	0.2032	0.8	0.8	0.2	1	0.7984	0.7929	0.7912	0.7858
525	1.5205	0.2032	0.8	1	0.2	0.4	0.7984	0.7929	0.7912	0.7858
526	1.5205	0.2032	0.8	1	0.2	0.6	0.7984	0.7929	0.7912	0.7858
527	1.5205	0.2032	0.8	1	0.2	0.8	0.7984	0.7929	0.7912	0.7858
528	1.5205	0.2032	0.8	1	0.2	1	0.7984	0.7929	0.7912	0.7858
529	1.5205	0.2032	1	0.4	0.2	0.4	0.7984	0.7929	0.7912	0.7858
530	1.5205	0.2032	1	0.4	0.2	0.6	0.7984	0.7929	0.7912	0.7858
531	1.5205	0.2032	1	0.4	0.2	0.8	0.7984	0.7929	0.7912	0.7858
532	1.5205	0.2032	1	0.4	0.2	1	0.7984	0.7929	0.7912	0.7858
533	1.5205	0.2032	1	0.6	0.2	0.4	0.7984	0.7929	0.7912	0.7858
534	1.5205	0.2032	1	0.6	0.2	0.6	0.7984	0.7929	0.7912	0.7858
535	1.5205	0.2032	1	0.6	0.2	0.8	0.7984	0.7929	0.7912	0.7858
536	1.5205	0.2032	1	0.6	0.2	1	0.7984	0.7929	0.7912	0.7858
537	1.5205	0.2032	1	0.8	0.2	0.4	0.7984	0.7929	0.7912	0.7858
538	1.5205	0.2032	1	0.8	0.2	0.6	0.7984	0.7929	0.7912	0.7858
539	1.5205	0.2032	1	0.8	0.2	0.8	0.7984	0.7929	0.7912	0.7858
540	1.5205	0.2032	1	0.8	0.2	1	0.7984	0.7929	0.7912	0.7858
541	1.5205	0.2032	1	1	0.2	0.4	0.7984	0.7929	0.7912	0.7858
542	1.5205	0.2032	1	1	0.2	0.6	0.7984	0.7929	0.7912	0.7858
543	1.5205	0.2032	1	1	0.2	0.8	0.7984	0.7929	0.7912	0.7858
544	1.5205	0.2032	1	1	0.2	1	0.7984	0.7929	0.7912	0.7858
545	1.5237	0.204	0.2	0.2	0.4	0.4	0.7984	0.7967	0.7913	0.7858
546	1.5237	0.204	0.2	0.2	0.4	0.6	0.7984	0.7967	0.7913	0.7858
547	1.5237	0.204	0.2	0.2	0.4	0.8	0.7984	0.7967	0.7913	0.7858
548	1.5237	0.204	0.2	0.2	0.4	1	0.7984	0.7967	0.7913	0.7858
549	1.5237	0.204	0.2	0.2	0.6	0.4	0.7984	0.7967	0.7913	0.7858
550	1.5237	0.204	0.2	0.2	0.6	0.6	0.7984	0.7967	0.7913	0.7858
551	1.5237	0.204	0.2	0.2	0.6	0.8	0.7984	0.7967	0.7913	0.7858
552	1.5237	0.204	0.2	0.2	0.6	1	0.7984	0.7967	0.7913	0.7858
553	1.5237	0.204	0.2	0.2	0.8	0.4	0.7984	0.7967	0.7913	0.7858
554	1.5237	0.204	0.2	0.2	0.8	0.6	0.7984	0.7967	0.7913	0.7858
555	1.5237	0.204	0.2	0.2	0.8	0.8	0.7984	0.7967	0.7913	0.7858
556	1.5237	0.204	0.2	0.2	0.8	1	0.7984	0.7967	0.7913	0.7858
557	1.5237	0.204	0.2	0.2	1	0.4	0.7984	0.7967	0.7913	0.7858
558	1.5237	0.204	0.2	0.2	1	0.6	0.7984	0.7967	0.7913	0.7858
559	1.5237	0.204	0.2	0.2	1	0.8	0.7984	0.7967	0.7913	0.7858
560	1.5237	0.204	0.2	0.2	1	1	0.7984	0.7967	0.7913	0.7858
561	1.5237	0.204	0.4	0.2	0.4	0.4	0.7984	0.7967	0.7913	0.7858
562	1.5237	0.204	0.4	0.2	0.4	0.6	0.7984	0.7967	0.7913	0.7858
563	1.5237	0.204	0.4	0.2	0.4	0.8	0.7984	0.7967	0.7913	0.7858
564	1.5237	0.204	0.4	0.2	0.4	1	0.7984	0.7967	0.7913	0.7858
565	1.5237	0.204	0.4	0.2	0.6	0.4	0.7984	0.7967	0.7913	0.7858
566	1.5237	0.204	0.4	0.2	0.6	0.6	0.7984	0.7967	0.7913	0.7858
567	1.5237	0.204	0.4	0.2	0.6	0.8	0.7984	0.7967	0.7913	0.7858
568	1.5237	0.204	0.4	0.2	0.6	1	0.7984	0.7967	0.7913	0.7858
569	1.5237	0.204	0.4	0.2	0.8	0.4	0.7984	0.7967	0.7913	0.7858
570	1.5237	0.204	0.4	0.2	0.8	0.6	0.7984	0.7967	0.7913	0.7858
571	1.5237	0.204	0.4	0.2	0.8	0.8	0.7984	0.7967	0.7913	0.7858
572	1.5237	0.204	0.4	0.2	0.8	1	0.7984	0.7967	0.7913	0.7858
573	1.5237	0.204	0.4	0.2	1	0.4	0.7984	0.7967	0.7913	0.7858
574	1.5237	0.204	0.4	0.2	1	0.6	0.7984	0.7967	0.7913	0.7858
575	1.5237	0.204	0.4	0.2	1	0.8	0.7984	0.7967	0.7913	0.7858
576	1.5237	0.204	0.4	0.2	1	1	0.7984	0.7967	0.7913	0.7858
577	1.5237	0.204	0.6	0.2	0.4	0.4	0.7984	0.7967	0.7913	0.7858
578	1.5237	0.204	0.6	0.2	0.4	0.6	0.7984	0.7967	0.7913	0.7858
579	1.5237	0.204	0.6	0.2	0.4	0.8	0.7984	0.7967	0.7913	0.7858
580	1.5237	0.204	0.6	0.2	0.4	1	0.7984	0.7967	0.7913	0.7858
581	1.5237	0.204	0.6	0.2	0.6	0.4	0.7984	0.7967	0.7913	0.7858
582	1.5237	0.204	0.6	0.2	0.6	0.6	0.7984	0.7967	0.7913	0.7858
583	1.5237	0.204	0.6	0.2	0.6	0.8	0.7984	0.7967	0.7913	0.7858
584	1.5237	0.204	0.6	0.2	0.6	1	0.7984	0.7967	0.7913	0.7858
585	1.5237	0.204	0.6	0.2	0.8	0.4	0.7984	0.7967	0.7913	0.7858
586	1.5237	0.204	0.6	0.2	0.8	0.6	0.7984	0.7967	0.7913	0.7858
587	1.5237	0.204	0.6	0.2	0.8	0.8	0.7984	0.7967	0.7913	0.7858
588	1.5237	0.204	0.6	0.2	0.8	1	0.7984	0.7967	0.7913	0.7858
589	1.5237	0.204	0.6	0.2	1	0.4	0.7984	0.7967	0.7913	0.7858
590	1.5237	0.204	0.6	0.2	1	0.6	0.7984	0.7967	0.7913	0.7858
591	1.5237	0.204	0.6	0.2	1	0.8	0.7984	0.7967	0.7913	0.7858
592	1.5237	0.204	0.6	0.2	1	1	0.7984	0.7967	0.7913	0.7858
593	1.5237	0.204	0.8	0.2	0.4	0.4	0.7984	0.7967	0.7913	0.7858
594	1.5237	0.204	0.8	0.2	0.4	0.6	0.7984	0.7967	0.7913	0.7858
595	1.5237	0.204	0.8	0.2	0.4	0.8	0.7984	0.7967	0.7913	0.7858
596	1.5237	0.204	0.8	0.2	0.4	1	0.7984	0.7967	0.7913	0.7858
597	1.5237	0.204	0.8	0.2	0.6	0.4	0.7984	0.7967	0.7913	0.7858
598	1.5237	0.204	0.8	0.2	0.6	0.6	0.7984	0.7967	0.7913	0.7858
599	1.5237	0.204	0.8	0.2	0.6	0.8	0.7984	0.7967	0.7913	0.7858
600	1.5237	0.204	0.8	0.2	0.6	1	0.7984	0.7967	0.7913	0.7858
601	1.5237	0.204	0.8	0.2	0.8	0.4	0.7984	0.7967	0.7913	0.7858
602	1.5237	0.204	0.8	0.2	0.8	0.6	0.7984	0.7967	0.7913	0.7858
603	1.5237	0.204	0.8	0.2	0.8	0.8	0.7984	0.7967	0.7913	0.7858
604	1.5237	0.204	0.8	0.2	0.8	1	0.7984	0.7967	0.7913	0.7858
605	1.5237	0.204	0.8	0.2	1	0.4	0.7984	0.7967	0.7913	0.7858
606	1.5237	0.204	0.8	0.2	1	0.6	0.7984	0.7967	0.7913	0.7858
607	1.5237	0.204	0.8	0.2	1	0.8	0.7984	0.7967	0.7913	0.7858
608	1.5237	0.204	0.8	0.2	1	1	0.7984	0.7967	0.7913	0.7858
609	1.5237	0.204	1	0.2	0.4	0.4	0.7984	0.7967	0.7913	0.7858
610	1.5237	0.204	1	0.2	0.4	0.6	0.7984	0.7967	0.7913	0.7858
611	1.5237	0.204	1	0.2	0.4	0.8	0.7984	0.7967	0.7913	0.7858
612	1.5237	0.204	1	0.2	0.4	1	0.7984	0.7967	0.7913	0.7858
613	1.5237	0.204	1	0.2	0.6	0.4	0.7984	0.7967	0.7913	0.7858
614	1.5237	0.204	1	0.2	0.6	0.6	0.7984	0.7967	0.7913	0.7858
615	1.5237	0.204	1	0.2	0.6	0.8	0.7984	0.7967	0.7913	0.7858
616	1.5237	0.204	1	0.2	0.6	1	0.7984	0.7967	0.7913	0.7858
617	1.5237	0.204	1	0.2	0.8	0.4	0.7984	0.7967	0.7913	0.7858
618	1.5237	0.204	1	0.2	0.8	0.6	0.7984	0.7967	0.7913	0.7858
619	1.5237	0.204	1	0.2	0.8	0.8	0.7984	0.7967	0.7913	0.7858
620	1.5237	0.204	1	0.2	0.8	1	0.7984	0.7967	0.7913	0.7858
621	1.5237	0.204	1	0.2	1	0.4	0.7984	0.7967	0.7913	0.7858
622	1.5237	0.204	1	0.2	1	0.6	0.7984	0.7967	0.7913	0.7858
623	1.5237	0.204	1	0.2	1	0.8	0.7984	0.7967	0.7913	0.7858
624	1.5237	0.204	1	0.2	1	1	0.7984	0.7967	0.7913	0.7858
625	1.8818	0.2979	0	0.4	0.4	0.2	0.8	0.7945	0.7891	0.7874
626	1.8818	0.2979	0	0.4	0.6	0.2	0.8	0.7945	0.7891	0.7874
627	1.8818	0.2979	0	0.4	0.8	0.2	0.8	0.7945	0.7891	0.7874
628	1.8818	0.2979	0	0.4	1	0.2	0.8	0.7945	0.7891	0.7874
629	1.8818	0.2979	0	0.6	0.4	0.2	0.8	0.7945	0.7891	0.7874
630	1.8818	0.2979	0	0.6	0.6	0.2	0.8	0.7945	0.7891	0.7874
631	1.8818	0.2979	0	0.6	0.8	0.2	0.8	0.7945	0.7891	0.7874
632	1.8818	0.2979	0	0.6	1	0.2	0.8	0.7945	0.7891	0.7874
633	1.8818	0.2979	0	0.8	0.4	0.2	0.8	0.7945	0.7891	0.7874
634	1.8818	0.2979	0	0.8	0.6	0.2	0.8	0.7945	0.7891	0.7874
635	1.8818	0.2979	0	0.8	0.8	0.2	0.8	0.7945	0.7891	0.7874
636	1.8818	0.2979	0	0.8	1	0.2	0.8	0.7945	0.7891	0.7874
637	1.8818	0.2979	0	1	0.4	0.2	0.8	0.7945	0.7891	0.7874
638	1.8818	0.2979	0	1	0.6	0.2	0.8	0.7945	0.7891	0.7874
639	1.8818	0.2979	0	1	0.8	0.2	0.8	0.7945	0.7891	0.7874
640	1.8818	0.2979	0	1	1	0.2	0.8	0.7945	0.7891	0.7874
641	1.8846	0.2986	0	0.4	0.2	0.4	0.8	0.7945	0.7929	0.7874
642	1.8846	0.2986	0	0.4	0.2	0.6	0.8	0.7945	0.7929	0.7874
643	1.8846	0.2986	0	0.4	0.2	0.8	0.8	0.7945	0.7929	0.7874
644	1.8846	0.2986	0	0.4	0.2	1	0.8	0.7945	0.7929	0.7874
645	1.8846	0.2986	0	0.6	0.2	0.4	0.8	0.7945	0.7929	0.7874
646	1.8846	0.2986	0	0.6	0.2	0.6	0.8	0.7945	0.7929	0.7874
647	1.8846	0.2986	0	0.6	0.2	0.8	0.8	0.7945	0.7929	0.7874
648	1.8846	0.2986	0	0.6	0.2	1	0.8	0.7945	0.7929	0.7874
649	1.8846	0.2986	0	0.8	0.2	0.4	0.8	0.7945	0.7929	0.7874
650	1.8846	0.2986	0	0.8	0.2	0.6	0.8	0.7945	0.7929	0.7874
651	1.8846	0.2986	0	0.8	0.2	0.8	0.8	0.7945	0.7929	0.7874
652	1.8846	0.2986	0	0.8	0.2	1	0.8	0.7945	0.7929	0.7874
653	1.8846	0.2986	0	1	0.2	0.4	0.8	0.7945	0.7929	0.7874
654	1.8846	0.2986	0	1	0.2	0.6	0.8	0.7945	0.7929	0.7874
655	1.8846	0.2986	0	1	0.2	0.8	0.8	0.7945	0.7929	0.7874
656	1.8846	0.2986	0	1	0.2	1	0.8	0.7945	0.7929	0.7874
657	1.8877	0.2994	0	0.2	0.4	0.4	0.8	0.7983	0.7929	0.7874
658	1.8877	0.2994	0	0.2	0.4	0.6	0.8	0.7983	0.7929	0.7874
659	1.8877	0.2994	0	0.2	0.4	0.8	0.8	0.7983	0.7929	0.7874
660	1.8877	0.2994	0	0.2	0.4	1	0.8	0.7983	0.7929	0.7874
661	1.8877	0.2994	0	0.2	0.6	0.4	0.8	0.7983	0.7929	0.7874
662	1.8877	0.2994	0	0.2	0.6	0.6	0.8	0.7983	0.7929	0.7874
663	1.8877	0.2994	0	0.2	0.6	0.8	0.8	0.7983	0.7929	0.7874
664	1.8877	0.2994	0	0.2	0.6	1	0.8	0.7983	0.7929	0.7874
665	1.8877	0.2994	0	0.2	0.8	0.4	0.8	0.7983	0.7929	0.7874
666	1.8877	0.2994	0	0.2	0.8	0.6	0.8	0.7983	0.7929	0.7874
667	1.8877	0.2994	0	0.2	0.8	0.8	0.8	0.7983	0.7929	0.7874
668	1.8877	0.2994	0	0.2	0.8	1	0.8	0.7983	0.7929	0.7874
669	1.8877	0.2994	0	0.2	1	0.4	0.8	0.7983	0.7929	0.7874
670	1.8877	0.2994	0	0.2	1	0.6	0.8	0.7983	0.7929	0.7874
671	1.8877	0.2994	0	0.2	1	0.8	0.8	0.7983	0.7929	0.7874
672	1.8877	0.2994	0	0.2	1	1	0.8	0.7983	0.7929	0.7874
673	1.894	0.3011	0.2	0.4	0.4	0	0.7984	0.7929	0.7875	0.7875
674	1.894	0.3011	0.2	0.4	0.6	0	0.7984	0.7929	0.7875	0.7875
675	1.894	0.3011	0.2	0.4	0.8	0	0.7984	0.7929	0.7875	0.7875
676	1.894	0.3011	0.2	0.4	1	0	0.7984	0.7929	0.7875	0.7875
677	1.894	0.3011	0.2	0.6	0.4	0	0.7984	0.7929	0.7875	0.7875
678	1.894	0.3011	0.2	0.6	0.6	0	0.7984	0.7929	0.7875	0.7875
679	1.894	0.3011	0.2	0.6	0.8	0	0.7984	0.7929	0.7875	0.7875
680	1.894	0.3011	0.2	0.6	1	0	0.7984	0.7929	0.7875	0.7875
681	1.894	0.3011	0.2	0.8	0.4	0	0.7984	0.7929	0.7875	0.7875
682	1.894	0.3011	0.2	0.8	0.6	0	0.7984	0.7929	0.7875	0.7875
683	1.894	0.3011	0.2	0.8	0.8	0	0.7984	0.7929	0.7875	0.7875
684	1.894	0.3011	0.2	0.8	1	0	0.7984	0.7929	0.7875	0.7875
685	1.894	0.3011	0.2	1	0.4	0	0.7984	0.7929	0.7875	0.7875
686	1.894	0.3011	0.2	1	0.6	0	0.7984	0.7929	0.7875	0.7875
687	1.894	0.3011	0.2	1	0.8	0	0.7984	0.7929	0.7875	0.7875
688	1.894	0.3011	0.2	1	1	0	0.7984	0.7929	0.7875	0.7875
689	1.894	0.3011	0.4	0.4	0.4	0	0.7984	0.7929	0.7875	0.7875
690	1.894	0.3011	0.4	0.4	0.6	0	0.7984	0.7929	0.7875	0.7875
691	1.894	0.3011	0.4	0.4	0.8	0	0.7984	0.7929	0.7875	0.7875
692	1.894	0.3011	0.4	0.4	1	0	0.7984	0.7929	0.7875	0.7875
693	1.894	0.3011	0.4	0.6	0.4	0	0.7984	0.7929	0.7875	0.7875
694	1.894	0.3011	0.4	0.6	0.6	0	0.7984	0.7929	0.7875	0.7875
695	1.894	0.3011	0.4	0.6	0.8	0	0.7984	0.7929	0.7875	0.7875
696	1.894	0.3011	0.4	0.6	1	0	0.7984	0.7929	0.7875	0.7875
697	1.894	0.3011	0.4	0.8	0.4	0	0.7984	0.7929	0.7875	0.7875
698	1.894	0.3011	0.4	0.8	0.6	0	0.7984	0.7929	0.7875	0.7875
699	1.894	0.3011	0.4	0.8	0.8	0	0.7984	0.7929	0.7875	0.7875
700	1.894	0.3011	0.4	0.8	1	0	0.7984	0.7929	0.7875	0.7875
701	1.894	0.3011	0.4	1	0.4	0	0.7984	0.7929	0.7875	0.7875
702	1.894	0.3011	0.4	1	0.6	0	0.7984	0.7929	0.7875	0.7875
703	1.894	0.3011	0.4	1	0.8	0	0.7984	0.7929	0.7875	0.7875
704	1.894	0.3011	0.4	1	1	0	0.7984	0.7929	0.7875	0.7875
705	1.894	0.3011	0.6	0.4	0.4	0	0.7984	0.7929	0.7875	0.7875
706	1.894	0.3011	0.6	0.4	0.6	0	0.7984	0.7929	0.7875	0.7875
707	1.894	0.3011	0.6	0.4	0.8	0	0.7984	0.7929	0.7875	0.7875
708	1.894	0.3011	0.6	0.4	1	0	0.7984	0.7929	0.7875	0.7875
709	1.894	0.3011	0.6	0.6	0.4	0	0.7984	0.7929	0.7875	0.7875
710	1.894	0.3011	0.6	0.6	0.6	0	0.7984	0.7929	0.7875	0.7875
711	1.894	0.3011	0.6	0.6	0.8	0	0.7984	0.7929	0.7875	0.7875
712	1.894	0.3011	0.6	0.6	1	0	0.7984	0.7929	0.7875	0.7875
713	1.894	0.3011	0.6	0.8	0.4	0	0.7984	0.7929	0.7875	0.7875
714	1.894	0.3011	0.6	0.8	0.6	0	0.7984	0.7929	0.7875	0.7875
715	1.894	0.3011	0.6	0.8	0.8	0	0.7984	0.7929	0.7875	0.7875
716	1.894	0.3011	0.6	0.8	1	0	0.7984	0.7929	0.7875	0.7875
717	1.894	0.3011	0.6	1	0.4	0	0.7984	0.7929	0.7875	0.7875
718	1.894	0.3011	0.6	1	0.6	0	0.7984	0.7929	0.7875	0.7875
719	1.894	0.3011	0.6	1	0.8	0	0.7984	0.7929	0.7875	0.7875
720	1.894	0.3011	0.6	1	1	0	0.7984	0.7929	0.7875	0.7875
721	1.894	0.3011	0.8	0.4	0.4	0	0.7984	0.7929	0.7875	0.7875
722	1.894	0.3011	0.8	0.4	0.6	0	0.7984	0.7929	0.7875	0.7875
723	1.894	0.3011	0.8	0.4	0.8	0	0.7984	0.7929	0.7875	0.7875
724	1.894	0.3011	0.8	0.4	1	0	0.7984	0.7929	0.7875	0.7875
725	1.894	0.3011	0.8	0.6	0.4	0	0.7984	0.7929	0.7875	0.7875
726	1.894	0.3011	0.8	0.6	0.6	0	0.7984	0.7929	0.7875	0.7875
727	1.894	0.3011	0.8	0.6	0.8	0	0.7984	0.7929	0.7875	0.7875
728	1.894	0.3011	0.8	0.6	1	0	0.7984	0.7929	0.7875	0.7875
729	1.894	0.3011	0.8	0.8	0.4	0	0.7984	0.7929	0.7875	0.7875
730	1.894	0.3011	0.8	0.8	0.6	0	0.7984	0.7929	0.7875	0.7875
731	1.894	0.3011	0.8	0.8	0.8	0	0.7984	0.7929	0.7875	0.7875
732	1.894	0.3011	0.8	0.8	1	0	0.7984	0.7929	0.7875	0.7875
733	1.894	0.3011	0.8	1	0.4	0	0.7984	0.7929	0.7875	0.7875
734	1.894	0.3011	0.8	1	0.6	0	0.7984	0.7929	0.7875	0.7875
735	1.894	0.3011	0.8	1	0.8	0	0.7984	0.7929	0.7875	0.7875
736	1.894	0.3011	0.8	1	1	0	0.7984	0.7929	0.7875	0.7875
737	1.894	0.3011	1	0.4	0.4	0	0.7984	0.7929	0.7875	0.7875
738	1.894	0.3011	1	0.4	0.6	0	0.7984	0.7929	0.7875	0.7875
739	1.894	0.3011	1	0.4	0.8	0	0.7984	0.7929	0.7875	0.7875
740	1.894	0.3011	1	0.4	1	0	0.7984	0.7929	0.7875	0.7875
741	1.894	0.3011	1	0.6	0.4	0	0.7984	0.7929	0.7875	0.7875
742	1.894	0.3011	1	0.6	0.6	0	0.7984	0.7929	0.7875	0.7875
743	1.894	0.3011	1	0.6	0.8	0	0.7984	0.7929	0.7875	0.7875
744	1.894	0.3011	1	0.6	1	0	0.7984	0.7929	0.7875	0.7875
745	1.894	0.3011	1	0.8	0.4	0	0.7984	0.7929	0.7875	0.7875
746	1.894	0.3011	1	0.8	0.6	0	0.7984	0.7929	0.7875	0.7875
747	1.894	0.3011	1	0.8	0.8	0	0.7984	0.7929	0.7875	0.7875
748	1.894	0.3011	1	0.8	1	0	0.7984	0.7929	0.7875	0.7875
749	1.894	0.3011	1	1	0.4	0	0.7984	0.7929	0.7875	0.7875
750	1.894	0.3011	1	1	0.6	0	0.7984	0.7929	0.7875	0.7875
751	1.894	0.3011	1	1	0.8	0	0.7984	0.7929	0.7875	0.7875
752	1.894	0.3011	1	1	1	0	0.7984	0.7929	0.7875	0.7875
753	1.8958	0.3015	0.2	0.4	0	0.4	0.7984	0.7929	0.7929	0.7875
754	1.8958	0.3015	0.2	0.4	0	0.6	0.7984	0.7929	0.7929	0.7875
755	1.8958	0.3015	0.2	0.4	0	0.8	0.7984	0.7929	0.7929	0.7875
756	1.8958	0.3015	0.2	0.4	0	1	0.7984	0.7929	0.7929	0.7875
757	1.8958	0.3015	0.2	0.6	0	0.4	0.7984	0.7929	0.7929	0.7875
758	1.8958	0.3015	0.2	0.6	0	0.6	0.7984	0.7929	0.7929	0.7875
759	1.8958	0.3015	0.2	0.6	0	0.8	0.7984	0.7929	0.7929	0.7875
760	1.8958	0.3015	0.2	0.6	0	1	0.7984	0.7929	0.7929	0.7875
761	1.8958	0.3015	0.2	0.8	0	0.4	0.7984	0.7929	0.7929	0.7875
762	1.8958	0.3015	0.2	0.8	0	0.6	0.7984	0.7929	0.7929	0.7875
763	1.8958	0.3015	0.2	0.8	0	0.8	0.7984	0.7929	0.7929	0.7875
764	1.8958	0.3015	0.2	0.8	0	1	0.7984	0.7929	0.7929	0.7875
765	1.8958	0.3015	0.2	1	0	0.4	0.7984	0.7929	0.7929	0.7875
766	1.8958	0.3015	0.2	1	0	0.6	0.7984	0.7929	0.7929	0.7875
767	1.8958	0.3015	0.2	1	0	0.8	0.7984	0.7929	0.7929	0.7875
768	1.8958	0.3015	0.2	1	0	1	0.7984	0.7929	0.7929	0.7875
769	1.8958	0.3015	0.4	0.4	0	0.4	0.7984	0.7929	0.7929	0.7875
770	1.8958	0.3015	0.4	0.4	0	0.6	0.7984	0.7929	0.7929	0.7875
771	1.8958	0.3015	0.4	0.4	0	0.8	0.7984	0.7929	0.7929	0.7875
772	1.8958	0.3015	0.4	0.4	0	1	0.7984	0.7929	0.7929	0.7875
773	1.8958	0.3015	0.4	0.6	0	0.4	0.7984	0.7929	0.7929	0.7875
774	1.8958	0.3015	0.4	0.6	0	0.6	0.7984	0.7929	0.7929	0.7875
775	1.8958	0.3015	0.4	0.6	0	0.8	0.7984	0.7929	0.7929	0.7875
776	1.8958	0.3015	0.4	0.6	0	1	0.7984	0.7929	0.7929	0.7875
777	1.8958	0.3015	0.4	0.8	0	0.4	0.7984	0.7929	0.7929	0.7875
778	1.8958	0.3015	0.4	0.8	0	0.6	0.7984	0.7929	0.7929	0.7875
779	1.8958	0.3015	0.4	0.8	0	0.8	0.7984	0.7929	0.7929	0.7875
780	1.8958	0.3015	0.4	0.8	0	1	0.7984	0.7929	0.7929	0.7875
781	1.8958	0.3015	0.4	1	0	0.4	0.7984	0.7929	0.7929	0.7875
782	1.8958	0.3015	0.4	1	0	0.6	0.7984	0.7929	0.7929	0.7875
783	1.8958	0.3015	0.4	1	0	0.8	0.7984	0.7929	0.7929	0.7875
784	1.8958	0.3015	0.4	1	0	1	0.7984	0.7929	0.7929	0.7875
785	1.8958	0.3015	0.6	0.4	0	0.4	0.7984	0.7929	0.7929	0.7875
786	1.8958	0.3015	0.6	0.4	0	0.6	0.7984	0.7929	0.7929	0.7875
787	1.8958	0.3015	0.6	0.4	0	0.8	0.7984	0.7929	0.7929	0.7875
788	1.8958	0.3015	0.6	0.4	0	1	0.7984	0.7929	0.7929	0.7875
789	1.8958	0.3015	0.6	0.6	0	0.4	0.7984	0.7929	0.7929	0.7875
790	1.8958	0.3015	0.6	0.6	0	0.6	0.7984	0.7929	0.7929	0.7875
791	1.8958	0.3015	0.6	0.6	0	0.8	0.7984	0.7929	0.7929	0.7875
792	1.8958	0.3015	0.6	0.6	0	1	0.7984	0.7929	0.7929	0.7875
793	1.8958	0.3015	0.6	0.8	0	0.4	0.7984	0.7929	0.7929	0.7875
794	1.8958	0.3015	0.6	0.8	0	0.6	0.7984	0.7929	0.7929	0.7875
795	1.8958	0.3015	0.6	0.8	0	0.8	0.7984	0.7929	0.7929	0.7875
796	1.8958	0.3015	0.6	0.8	0	1	0.7984	0.7929	0.7929	0.7875
797	1.8958	0.3015	0.6	1	0	0.4	0.7984	0.7929	0.7929	0.7875
798	1.8958	0.3015	0.6	1	0	0.6	0.7984	0.7929	0.7929	0.7875
799	1.8958	0.3015	0.6	1	0	0.8	0.7984	0.7929	0.7929	0.7875
800	1.8958	0.3015	0.6	1	0	1	0.7984	0.7929	0.7929	0.7875
801	1.8958	0.3015	0.8	0.4	0	0.4	0.7984	0.7929	0.7929	0.7875
802	1.8958	0.3015	0.8	0.4	0	0.6	0.7984	0.7929	0.7929	0.7875
803	1.8958	0.3015	0.8	0.4	0	0.8	0.7984	0.7929	0.7929	0.7875
804	1.8958	0.3015	0.8	0.4	0	1	0.7984	0.7929	0.7929	0.7875
805	1.8958	0.3015	0.8	0.6	0	0.4	0.7984	0.7929	0.7929	0.7875
806	1.8958	0.3015	0.8	0.6	0	0.6	0.7984	0.7929	0.7929	0.7875
807	1.8958	0.3015	0.8	0.6	0	0.8	0.7984	0.7929	0.7929	0.7875
808	1.8958	0.3015	0.8	0.6	0	1	0.7984	0.7929	0.7929	0.7875
809	1.8958	0.3015	0.8	0.8	0	0.4	0.7984	0.7929	0.7929	0.7875
810	1.8958	0.3015	0.8	0.8	0	0.6	0.7984	0.7929	0.7929	0.7875
811	1.8958	0.3015	0.8	0.8	0	0.8	0.7984	0.7929	0.7929	0.7875
812	1.8958	0.3015	0.8	0.8	0	1	0.7984	0.7929	0.7929	0.7875
813	1.8958	0.3015	0.8	1	0	0.4	0.7984	0.7929	0.7929	0.7875
814	1.8958	0.3015	0.8	1	0	0.6	0.7984	0.7929	0.7929	0.7875
815	1.8958	0.3015	0.8	1	0	0.8	0.7984	0.7929	0.7929	0.7875
816	1.8958	0.3015	0.8	1	0	1	0.7984	0.7929	0.7929	0.7875
817	1.8958	0.3015	1	0.4	0	0.4	0.7984	0.7929	0.7929	0.7875
818	1.8958	0.3015	1	0.4	0	0.6	0.7984	0.7929	0.7929	0.7875
819	1.8958	0.3015	1	0.4	0	0.8	0.7984	0.7929	0.7929	0.7875
820	1.8958	0.3015	1	0.4	0	1	0.7984	0.7929	0.7929	0.7875
821	1.8958	0.3015	1	0.6	0	0.4	0.7984	0.7929	0.7929	0.7875
822	1.8958	0.3015	1	0.6	0	0.6	0.7984	0.7929	0.7929	0.7875
823	1.8958	0.3015	1	0.6	0	0.8	0.7984	0.7929	0.7929	0.7875
824	1.8958	0.3015	1	0.6	0	1	0.7984	0.7929	0.7929	0.7875
825	1.8958	0.3015	1	0.8	0	0.4	0.7984	0.7929	0.7929	0.7875
826	1.8958	0.3015	1	0.8	0	0.6	0.7984	0.7929	0.7929	0.7875
827	1.8958	0.3015	1	0.8	0	0.8	0.7984	0.7929	0.7929	0.7875
828	1.8958	0.3015	1	0.8	0	1	0.7984	0.7929	0.7929	0.7875
829	1.8958	0.3015	1	1	0	0.4	0.7984	0.7929	0.7929	0.7875
830	1.8958	0.3015	1	1	0	0.6	0.7984	0.7929	0.7929	0.7875
831	1.8958	0.3015	1	1	0	0.8	0.7984	0.7929	0.7929	0.7875
832	1.8958	0.3015	1	1	0	1	0.7984	0.7929	0.7929	0.7875
833	1.8976	0.302	0.2	0	0.4	0.4	0.7984	0.7984	0.7929	0.7875
834	1.8976	0.302	0.2	0	0.4	0.6	0.7984	0.7984	0.7929	0.7875
835	1.8976	0.302	0.2	0	0.4	0.8	0.7984	0.7984	0.7929	0.7875
836	1.8976	0.302	0.2	0	0.4	1	0.7984	0.7984	0.7929	0.7875
837	1.8976	0.302	0.2	0	0.6	0.4	0.7984	0.7984	0.7929	0.7875
838	1.8976	0.302	0.2	0	0.6	0.6	0.7984	0.7984	0.7929	0.7875
839	1.8976	0.302	0.2	0	0.6	0.8	0.7984	0.7984	0.7929	0.7875
840	1.8976	0.302	0.2	0	0.6	1	0.7984	0.7984	0.7929	0.7875
841	1.8976	0.302	0.2	0	0.8	0.4	0.7984	0.7984	0.7929	0.7875
842	1.8976	0.302	0.2	0	0.8	0.6	0.7984	0.7984	0.7929	0.7875
843	1.8976	0.302	0.2	0	0.8	0.8	0.7984	0.7984	0.7929	0.7875
844	1.8976	0.302	0.2	0	0.8	1	0.7984	0.7984	0.7929	0.7875
845	1.8976	0.302	0.2	0	1	0.4	0.7984	0.7984	0.7929	0.7875
846	1.8976	0.302	0.2	0	1	0.6	0.7984	0.7984	0.7929	0.7875
847	1.8976	0.302	0.2	0	1	0.8	0.7984	0.7984	0.7929	0.7875
848	1.8976	0.302	0.2	0	1	1	0.7984	0.7984	0.7929	0.7875
849	1.8976	0.302	0.4	0	0.4	0.4	0.7984	0.7984	0.7929	0.7875
850	1.8976	0.302	0.4	0	0.4	0.6	0.7984	0.7984	0.7929	0.7875
851	1.8976	0.302	0.4	0	0.4	0.8	0.7984	0.7984	0.7929	0.7875
852	1.8976	0.302	0.4	0	0.4	1	0.7984	0.7984	0.7929	0.7875
853	1.8976	0.302	0.4	0	0.6	0.4	0.7984	0.7984	0.7929	0.7875
854	1.8976	0.302	0.4	0	0.6	0.6	0.7984	0.7984	0.7929	0.7875
855	1.8976	0.302	0.4	0	0.6	0.8	0.7984	0.7984	0.7929	0.7875
856	1.8976	0.302	0.4	0	0.6	1	0.7984	0.7984	0.7929	0.7875
857	1.8976	0.302	0.4	0	0.8	0.4	0.7984	0.7984	0.7929	0.7875
858	1.8976	0.302	0.4	0	0.8	0.6	0.7984	0.7984	0.7929	0.7875
859	1.8976	0.302	0.4	0	0.8	0.8	0.7984	0.7984	0.7929	0.7875
860	1.8976	0.302	0.4	0	0.8	1	0.7984	0.7984	0.7929	0.7875
861	1.8976	0.302	0.4	0	1	0.4	0.7984	0.7984	0.7929	0.7875
862	1.8976	0.302	0.4	0	1	0.6	0.7984	0.7984	0.7929	0.7875
863	1.8976	0.302	0.4	0	1	0.8	0.7984	0.7984	0.7929	0.7875
864	1.8976	0.302	0.4	0	1	1	0.7984	0.7984	0.7929	0.7875
865	1.8976	0.302	0.6	0	0.4	0.4	0.7984	0.7984	0.7929	0.7875
866	1.8976	0.302	0.6	0	0.4	0.6	0.7984	0.7984	0.7929	0.7875
867	1.8976	0.302	0.6	0	0.4	0.8	0.7984	0.7984	0.7929	0.7875
868	1.8976	0.302	0.6	0	0.4	1	0.7984	0.7984	0.7929	0.7875
869	1.8976	0.302	0.6	0	0.6	0.4	0.7984	0.7984	0.7929	0.7875
870	1.8976	0.302	0.6	0	0.6	0.6	0.7984	0.7984	0.7929	0.7875
871	1.8976	0.302	0.6	0	0.6	0.8	0.7984	0.7984	0.7929	0.7875
872	1.8976	0.302	0.6	0	0.6	1	0.7984	0.7984	0.7929	0.7875
873	1.8976	0.302	0.6	0	0.8	0.4	0.7984	0.7984	0.7929	0.7875
874	1.8976	0.302	0.6	0	0.8	0.6	0.7984	0.7984	0.7929	0.7875
875	1.8976	0.302	0.6	0	0.8	0.8	0.7984	0.7984	0.7929	0.7875
876	1.8976	0.302	0.6	0	0.8	1	0.7984	0.7984	0.7929	0.7875
877	1.8976	0.302	0.6	0	1	0.4	0.7984	0.7984	0.7929	0.7875
878	1.8976	0.302	0.6	0	1	0.6	0.7984	0.7984	0.7929	0.7875
879	1.8976	0.302	0.6	0	1	0.8	0.7984	0.7984	0.7929	0.7875
880	1.8976	0.302	0.6	0	1	1	0.7984	0.7984	0.7929	0.7875
881	1.8976	0.302	0.8	0	0.4	0.4	0.7984	0.7984	0.7929	0.7875
882	1.8976	0.302	0.8	0	0.4	0.6	0.7984	0.7984	0.7929	0.7875
883	1.8976	0.302	0.8	0	0.4	0.8	0.7984	0.7984	0.7929	0.7875
884	1.8976	0.302	0.8	0	0.4	1	0.7984	0.7984	0.7929	0.7875
885	1.8976	0.302	0.8	0	0.6	0.4	0.7984	0.7984	0.7929	0.7875
886	1.8976	0.302	0.8	0	0.6	0.6	0.7984	0.7984	0.7929	0.7875
887	1.8976	0.302	0.8	0	0.6	0.8	0.7984	0.7984	0.7929	0.7875
888	1.8976	0.302	0.8	0	0.6	1	0.7984	0.7984	0.7929	0.7875
889	1.8976	0.302	0.8	0	0.8	0.4	0.7984	0.7984	0.7929	0.7875
890	1.8976	0.302	0.8	0	0.8	0.6	0.7984	0.7984	0.7929	0.7875
891	1.8976	0.302	0.8	0	0.8	0.8	0.7984	0.7984	0.7929	0.7875
892	1.8976	0.302	0.8	0	0.8	1	0.7984	0.7984	0.7929	0.7875
893	1.8976	0.302	0.8	0	1	0.4	0.7984	0.7984	0.7929	0.7875
894	1.8976	0.302	0.8	0	1	0.6	0.7984	0.7984	0.7929	0.7875
895	1.8976	0.302	0.8	0	1	0.8	0.7984	0.7984	0.7929	0.7875
896	1.8976	0.302	0.8	0	1	1	0.7984	0.7984	0.7929	0.7875
897	1.8976	0.302	1	0	0.4	0.4	0.7984	0.7984	0.7929	0.7875
898	1.8976	0.302	1	0	0.4	0.6	0.7984	0.7984	0.7929	0.7875
899	1.8976	0.302	1	0	0.4	0.8	0.7984	0.7984	0.7929	0.7875
900	1.8976	0.302	1	0	0.4	1	0.7984	0.7984	0.7929	0.7875
901	1.8976	0.302	1	0	0.6	0.4	0.7984	0.7984	0.7929	0.7875
902	1.8976	0.302	1	0	0.6	0.6	0.7984	0.7984	0.7929	0.7875
903	1.8976	0.302	1	0	0.6	0.8	0.7984	0.7984	0.7929	0.7875
904	1.8976	0.302	1	0	0.6	1	0.7984	0.7984	0.7929	0.7875
905	1.8976	0.302	1	0	0.8	0.4	0.7984	0.7984	0.7929	0.7875
906	1.8976	0.302	1	0	0.8	0.6	0.7984	0.7984	0.7929	0.7875
907	1.8976	0.302	1	0	0.8	0.8	0.7984	0.7984	0.7929	0.7875
908	1.8976	0.302	1	0	0.8	1	0.7984	0.7984	0.7929	0.7875
909	1.8976	0.302	1	0	1	0.4	0.7984	0.7984	0.7929	0.7875
910	1.8976	0.302	1	0	1	0.6	0.7984	0.7984	0.7929	0.7875
911	1.8976	0.302	1	0	1	0.8	0.7984	0.7984	0.7929	0.7875
912	1.8976	0.302	1	0	1	1	0.7984	0.7984	0.7929	0.7875
913	2.2581	0.3965	0	0.4	0.4	0	0.8	0.7945	0.7891	0.7891
914	2.2581	0.3965	0	0.4	0.6	0	0.8	0.7945	0.7891	0.7891
915	2.2581	0.3965	0	0.4	0.8	0	0.8	0.7945	0.7891	0.7891
916	2.2581	0.3965	0	0.4	1	0	0.8	0.7945	0.7891	0.7891
917	2.2581	0.3965	0	0.6	0.4	0	0.8	0.7945	0.7891	0.7891
918	2.2581	0.3965	0	0.6	0.6	0	0.8	0.7945	0.7891	0.7891
919	2.2581	0.3965	0	0.6	0.8	0	0.8	0.7945	0.7891	0.7891
920	2.2581	0.3965	0	0.6	1	0	0.8	0.7945	0.7891	0.7891
921	2.2581	0.3965	0	0.8	0.4	0	0.8	0.7945	0.7891	0.7891
922	2.2581	0.3965	0	0.8	0.6	0	0.8	0.7945	0.7891	0.7891
923	2.2581	0.3965	0	0.8	0.8	0	0.8	0.7945	0.7891	0.7891
924	2.2581	0.3965	0	0.8	1	0	0.8	0.7945	0.7891	0.7891
925	2.2581	0.3965	0	1	0.4	0	0.8	0.7945	0.7891	0.7891
926	2.2581	0.3965	0	1	0.6	0	0.8	0.7945	0.7891	0.7891
927	2.2581	0.3965	0	1	0.8	0	0.8	0.7945	0.7891	0.7891
928	2.2581	0.3965	0	1	1	0	0.8	0.7945	0.7891	0.7891
929	2.2599	0.3969	0	0.4	0	0.4	0.8	0.7945	0.7945	0.7891
930	2.2599	0.3969	0	0.4	0	0.6	0.8	0.7945	0.7945	0.7891
931	2.2599	0.3969	0	0.4	0	0.8	0.8	0.7945	0.7945	0.7891
932	2.2599	0.3969	0	0.4	0	1	0.8	0.7945	0.7945	0.7891
933	2.2599	0.3969	0	0.6	0	0.4	0.8	0.7945	0.7945	0.7891
934	2.2599	0.3969	0	0.6	0	0.6	0.8	0.7945	0.7945	0.7891
935	2.2599	0.3969	0	0.6	0	0.8	0.8	0.7945	0.7945	0.7891
936	2.2599	0.3969	0	0.6	0	1	0.8	0.7945	0.7945	0.7891
937	2.2599	0.3969	0	0.8	0	0.4	0.8	0.7945	0.7945	0.7891
938	2.2599	0.3969	0	0.8	0	0.6	0.8	0.7945	0.7945	0.7891
939	2.2599	0.3969	0	0.8	0	0.8	0.8	0.7945	0.7945	0.7891
940	2.2599	0.3969	0	0.8	0	1	0.8	0.7945	0.7945	0.7891
941	2.2599	0.3969	0	1	0	0.4	0.8	0.7945	0.7945	0.7891
942	2.2599	0.3969	0	1	0	0.6	0.8	0.7945	0.7945	0.7891
943	2.2599	0.3969	0	1	0	0.8	0.8	0.7945	0.7945	0.7891
944	2.2599	0.3969	0	1	0	1	0.8	0.7945	0.7945	0.7891
945	2.2616	0.3974	0	0	0.4	0.4	0.8	0.8	0.7945	0.7891
946	2.2616	0.3974	0	0	0.4	0.6	0.8	0.8	0.7945	0.7891
947	2.2616	0.3974	0	0	0.4	0.8	0.8	0.8	0.7945	0.7891
948	2.2616	0.3974	0	0	0.4	1	0.8	0.8	0.7945	0.7891
949	2.2616	0.3974	0	0	0.6	0.4	0.8	0.8	0.7945	0.7891
950	2.2616	0.3974	0	0	0.6	0.6	0.8	0.8	0.7945	0.7891
951	2.2616	0.3974	0	0	0.6	0.8	0.8	0.8	0.7945	0.7891
952	2.2616	0.3974	0	0	0.6	1	0.8	0.8	0.7945	0.7891
953	2.2616	0.3974	0	0	0.8	0.4	0.8	0.8	0.7945	0.7891
954	2.2616	0.3974	0	0	0.8	0.6	0.8	0.8	0.7945	0.7891
955	2.2616	0.3974	0	0	0.8	0.8	0.8	0.8	0.7945	0.7891
956	2.2616	0.3974	0	0	0.8	1	0.8	0.8	0.7945	0.7891
957	2.2616	0.3974	0	0	1	0.4	0.8	0.8	0.7945	0.7891
958	2.2616	0.3974	0	0	1	0.6	0.8	0.8	0.7945	0.7891
959	2.2616	0.3974	0	0	1	0.8	0.8	0.8	0.7945	0.7891
960	2.2616	0.3974	0	0	1	1	0.8	0.8	0.7945	0.7891
961	2.2934	0.4057	0.2	0.4	0.2	0.2	0.7984	0.7929	0.7912	0.7896
962	2.2934	0.4057	0.2	0.6	0.2	0.2	0.7984	0.7929	0.7912	0.7896
963	2.2934	0.4057	0.2	0.8	0.2	0.2	0.7984	0.7929	0.7912	0.7896
964	2.2934	0.4057	0.2	1	0.2	0.2	0.7984	0.7929	0.7912	0.7896
965	2.2934	0.4057	0.4	0.4	0.2	0.2	0.7984	0.7929	0.7912	0.7896
966	2.2934	0.4057	0.4	0.6	0.2	0.2	0.7984	0.7929	0.7912	0.7896
967	2.2934	0.4057	0.4	0.8	0.2	0.2	0.7984	0.7929	0.7912	0.7896
968	2.2934	0.4057	0.4	1	0.2	0.2	0.7984	0.7929	0.7912	0.7896
969	2.2934	0.4057	0.6	0.4	0.2	0.2	0.7984	0.7929	0.7912	0.7896
970	2.2934	0.4057	0.6	0.6	0.2	0.2	0.7984	0.7929	0.7912	0.7896
971	2.2934	0.4057	0.6	0.8	0.2	0.2	0.7984	0.7929	0.7912	0.7896
972	2.2934	0.4057	0.6	1	0.2	0.2	0.7984	0.7929	0.7912	0.7896
973	2.2934	0.4057	0.8	0.4	0.2	0.2	0.7984	0.7929	0.7912	0.7896
974	2.2934	0.4057	0.8	0.6	0.2	0.2	0.7984	0.7929	0.7912	0.7896
975	2.2934	0.4057	0.8	0.8	0.2	0.2	0.7984	0.7929	0.7912	0.7896
976	2.2934	0.4057	0.8	1	0.2	0.2	0.7984	0.7929	0.7912	0.7896
977	2.2934	0.4057	1	0.4	0.2	0.2	0.7984	0.7929	0.7912	0.7896
978	2.2934	0.4057	1	0.6	0.2	0.2	0.7984	0.7929	0.7912	0.7896
979	2.2934	0.4057	1	0.8	0.2	0.2	0.7984	0.7929	0.7912	0.7896
980	2.2934	0.4057	1	1	0.2	0.2	0.7984	0.7929	0.7912	0.7896
981	2.2965	0.4065	0.2	0.2	0.4	0.2	0.7984	0.7967	0.7913	0.7896
982	2.2965	0.4065	0.2	0.2	0.6	0.2	0.7984	0.7967	0.7913	0.7896
983	2.2965	0.4065	0.2	0.2	0.8	0.2	0.7984	0.7967	0.7913	0.7896
984	2.2965	0.4065	0.2	0.2	1	0.2	0.7984	0.7967	0.7913	0.7896
985	2.2965	0.4065	0.4	0.2	0.4	0.2	0.7984	0.7967	0.7913	0.7896
986	2.2965	0.4065	0.4	0.2	0.6	0.2	0.7984	0.7967	0.7913	0.7896
987	2.2965	0.4065	0.4	0.2	0.8	0.2	0.7984	0.7967	0.7913	0.7896
988	2.2965	0.4065	0.4	0.2	1	0.2	0.7984	0.7967	0.7913	0.7896
989	2.2965	0.4065	0.6	0.2	0.4	0.2	0.7984	0.7967	0.7913	0.7896
990	2.2965	0.4065	0.6	0.2	0.6	0.2	0.7984	0.7967	0.7913	0.7896
991	2.2965	0.4065	0.6	0.2	0.8	0.2	0.7984	0.7967	0.7913	0.7896
992	2.2965	0.4065	0.6	0.2	1	0.2	0.7984	0.7967	0.7913	0.7896
993	2.2965	0.4065	0.8	0.2	0.4	0.2	0.7984	0.7967	0.7913	0.7896
994	2.2965	0.4065	0.8	0.2	0.6	0.2	0.7984	0.7967	0.7913	0.7896
995	2.2965	0.4065	0.8	0.2	0.8	0.2	0.7984	0.7967	0.7913	0.7896
996	2.2965	0.4065	0.8	0.2	1	0.2	0.7984	0.7967	0.7913	0.7896
997	2.2965	0.4065	1	0.2	0.4	0.2	0.7984	0.7967	0.7913	0.7896
998	2.2965	0.4065	1	0.2	0.6	0.2	0.7984	0.7967	0.7913	0.7896
999	2.2965	0.4065	1	0.2	0.8	0.2	0.7984	0.7967	0.7913	0.7896
1000	2.2965	0.4065	1	0.2	1	0.2	0.7984	0.7967	0.7913	0.7896
1001	2.2993	0.4073	0.2	0.2	0.2	0.4	0.7984	0.7967	0.795	0.7896
1002	2.2993	0.4073	0.2	0.2	0.2	0.6	0.7984	0.7967	0.795	0.7896
1003	2.2993	0.4073	0.2	0.2	0.2	0.8	0.7984	0.7967	0.795	0.7896
1004	2.2993	0.4073	0.2	0.2	0.2	1	0.7984	0.7967	0.795	0.7896
1005	2.2993	0.4073	0.4	0.2	0.2	0.4	0.7984	0.7967	0.795	0.7896
1006	2.2993	0.4073	0.4	0.2	0.2	0.6	0.7984	0.7967	0.795	0.7896
1007	2.2993	0.4073	0.4	0.2	0.2	0.8	0.7984	0.7967	0.795	0.7896
1008	2.2993	0.4073	0.4	0.2	0.2	1	0.7984	0.7967	0.795	0.7896
1009	2.2993	0.4073	0.6	0.2	0.2	0.4	0.7984	0.7967	0.795	0.7896
1010	2.2993	0.4073	0.6	0.2	0.2	0.6	0.7984	0.7967	0.795	0.7896
1011	2.2993	0.4073	0.6	0.2	0.2	0.8	0.7984	0.7967	0.795	0.7896
1012	2.2993	0.4073	0.6	0.2	0.2	1	0.7984	0.7967	0.795	0.7896
1013	2.2993	0.4073	0.8	0.2	0.2	0.4	0.7984	0.7967	0.795	0.7896
1014	2.2993	0.4073	0.8	0.2	0.2	0.6	0.7984	0.7967	0.795	0.7896
1015	2.2993	0.4073	0.8	0.2	0.2	0.8	0.7984	0.7967	0.795	0.7896
1016	2.2993	0.4073	0.8	0.2	0.2	1	0.7984	0.7967	0.795	0.7896
1017	2.2993	0.4073	1	0.2	0.2	0.4	0.7984	0.7967	0.795	0.7896
1018	2.2993	0.4073	1	0.2	0.2	0.6	0.7984	0.7967	0.795	0.7896
1019	2.2993	0.4073	1	0.2	0.2	0.8	0.7984	0.7967	0.795	0.7896
1020	2.2993	0.4073	1	0.2	0.2	1	0.7984	0.7967	0.795	0.7896
1021	2.6574	0.5011	0	0.4	0.2	0.2	0.8	0.7945	0.7929	0.7912
1022	2.6574	0.5011	0	0.6	0.2	0.2	0.8	0.7945	0.7929	0.7912
1023	2.6574	0.5011	0	0.8	0.2	0.2	0.8	0.7945	0.7929	0.7912
1024	2.6574	0.5011	0	1	0.2	0.2	0.8	0.7945	0.7929	0.7912
1025	2.6606	0.5019	0	0.2	0.4	0.2	0.8	0.7983	0.7929	0.7912
1026	2.6606	0.5019	0	0.2	0.6	0.2	0.8	0.7983	0.7929	0.7912
1027	2.6606	0.5019	0	0.2	0.8	0.2	0.8	0.7983	0.7929	0.7912
1028	2.6606	0.5019	0	0.2	1	0.2	0.8	0.7983	0.7929	0.7912
1029	2.6634	0.5026	0	0.2	0.2	0.4	0.8	0.7983	0.7966	0.7912
1030	2.6634	0.5026	0	0.2	0.2	0.6	0.8	0.7983	0.7966	0.7912
1031	2.6634	0.5026	0	0.2	0.2	0.8	0.8	0.7983	0.7966	0.7912
1032	2.6634	0.5026	0	0.2	0.2	1	0.8	0.7983	0.7966	0.7912
1033	2.6686	0.504	0.2	0.4	0	0.2	0.7984	0.7929	0.7929	0.7912
1034	2.6686	0.504	0.2	0.6	0	0.2	0.7984	0.7929	0.7929	0.7912
1035	2.6686	0.504	0.2	0.8	0	0.2	0.7984	0.7929	0.7929	0.7912
1036	2.6686	0.504	0.2	1	0	0.2	0.7984	0.7929	0.7929	0.7912
1037	2.6686	0.504	0.4	0.4	0	0.2	0.7984	0.7929	0.7929	0.7912
1038	2.6686	0.504	0.4	0.6	0	0.2	0.7984	0.7929	0.7929	0.7912
1039	2.6686	0.504	0.4	0.8	0	0.2	0.7984	0.7929	0.7929	0.7912
1040	2.6686	0.504	0.4	1	0	0.2	0.7984	0.7929	0.7929	0.7912
1041	2.6686	0.504	0.6	0.4	0	0.2	0.7984	0.7929	0.7929	0.7912
1042	2.6686	0.504	0.6	0.6	0	0.2	0.7984	0.7929	0.7929	0.7912
1043	2.6686	0.504	0.6	0.8	0	0.2	0.7984	0.7929	0.7929	0.7912
1044	2.6686	0.504	0.6	1	0	0.2	0.7984	0.7929	0.7929	0.7912
1045	2.6686	0.504	0.8	0.4	0	0.2	0.7984	0.7929	0.7929	0.7912
1046	2.6686	0.504	0.8	0.6	0	0.2	0.7984	0.7929	0.7929	0.7912
1047	2.6686	0.504	0.8	0.8	0	0.2	0.7984	0.7929	0.7929	0.7912
1048	2.6686	0.504	0.8	1	0	0.2	0.7984	0.7929	0.7929	0.7912
1049	2.6686	0.504	1	0.4	0	0.2	0.7984	0.7929	0.7929	0.7912
1050	2.6686	0.504	1	0.6	0	0.2	0.7984	0.7929	0.7929	0.7912
1051	2.6686	0.504	1	0.8	0	0.2	0.7984	0.7929	0.7929	0.7912
1052	2.6686	0.504	1	1	0	0.2	0.7984	0.7929	0.7929	0.7912
1053	2.6696	0.5043	0.2	0.4	0.2	0	0.7984	0.7929	0.7912	0.7912
1054	2.6696	0.5043	0.2	0.6	0.2	0	0.7984	0.7929	0.7912	0.7912
1055	2.6696	0.5043	0.2	0.8	0.2	0	0.7984	0.7929	0.7912	0.7912
1056	2.6696	0.5043	0.2	1	0.2	0	0.7984	0.7929	0.7912	0.7912
1057	2.6696	0.5043	0.4	0.4	0.2	0	0.7984	0.7929	0.7912	0.7912
1058	2.6696	0.5043	0.4	0.6	0.2	0	0.7984	0.7929	0.7912	0.7912
1059	2.6696	0.5043	0.4	0.8	0.2	0	0.7984	0.7929	0.7912	0.7912
1060	2.6696	0.5043	0.4	1	0.2	0	0.7984	0.7929	0.7912	0.7912
1061	2.6696	0.5043	0.6	0.4	0.2	0	0.7984	0.7929	0.7912	0.7912
1062	2.6696	0.5043	0.6	0.6	0.2	0	0.7984	0.7929	0.7912	0.7912
1063	2.6696	0.5043	0.6	0.8	0.2	0	0.7984	0.7929	0.7912	0.7912
1064	2.6696	0.5043	0.6	1	0.2	0	0.7984	0.7929	0.7912	0.7912
1065	2.6696	0.5043	0.8	0.4	0.2	0	0.7984	0.7929	0.7912	0.7912
1066	2.6696	0.5043	0.8	0.6	0.2	0	0.7984	0.7929	0.7912	0.7912
1067	2.6696	0.5043	0.8	0.8	0.2	0	0.7984	0.7929	0.7912	0.7912
1068	2.6696	0.5043	0.8	1	0.2	0	0.7984	0.7929	0.7912	0.7912
1069	2.6696	0.5043	1	0.4	0.2	0	0.7984	0.7929	0.7912	0.7912
1070	2.6696	0.5043	1	0.6	0.2	0	0.7984	0.7929	0.7912	0.7912
1071	2.6696	0.5043	1	0.8	0.2	0	0.7984	0.7929	0.7912	0.7912
1072	2.6696	0.5043	1	1	0.2	0	0.7984	0.7929	0.7912	0.7912
1073	2.6704	0.5045	0.2	0	0.4	0.2	0.7984	0.7984	0.7929	0.7912
1074	2.6704	0.5045	0.2	0	0.6	0.2	0.7984	0.7984	0.7929	0.7912
1075	2.6704	0.5045	0.2	0	0.8	0.2	0.7984	0.7984	0.7929	0.7912
1076	2.6704	0.5045	0.2	0	1	0.2	0.7984	0.7984	0.7929	0.7912
1077	2.6704	0.5045	0.4	0	0.4	0.2	0.7984	0.7984	0.7929	0.7912
1078	2.6704	0.5045	0.4	0	0.6	0.2	0.7984	0.7984	0.7929	0.7912
1079	2.6704	0.5045	0.4	0	0.8	0.2	0.7984	0.7984	0.7929	0.7912
1080	2.6704	0.5045	0.4	0	1	0.2	0.7984	0.7984	0.7929	0.7912
1081	2.6704	0.5045	0.6	0	0.4	0.2	0.7984	0.7984	0.7929	0.7912
1082	2.6704	0.5045	0.6	0	0.6	0.2	0.7984	0.7984	0.7929	0.7912
1083	2.6704	0.5045	0.6	0	0.8	0.2	0.7984	0.7984	0.7929	0.7912
1084	2.6704	0.5045	0.6	0	1	0.2	0.7984	0.7984	0.7929	0.7912
1085	2.6704	0.5045	0.8	0	0.4	0.2	0.7984	0.7984	0.7929	0.7912
1086	2.6704	0.5045	0.8	0	0.6	0.2	0.7984	0.7984	0.7929	0.7912
1087	2.6704	0.5045	0.8	0	0.8	0.2	0.7984	0.7984	0.7929	0.7912
1088	2.6704	0.5045	0.8	0	1	0.2	0.7984	0.7984	0.7929	0.7912
1089	2.6704	0.5045	1	0	0.4	0.2	0.7984	0.7984	0.7929	0.7912
1090	2.6704	0.5045	1	0	0.6	0.2	0.7984	0.7984	0.7929	0.7912
1091	2.6704	0.5045	1	0	0.8	0.2	0.7984	0.7984	0.7929	0.7912
1092	2.6704	0.5045	1	0	1	0.2	0.7984	0.7984	0.7929	0.7912
1093	2.6727	0.5051	0.2	0.2	0.4	0	0.7984	0.7967	0.7913	0.7913
1094	2.6727	0.5051	0.2	0.2	0.6	0	0.7984	0.7967	0.7913	0.7913
1095	2.6727	0.5051	0.2	0.2	0.8	0	0.7984	0.7967	0.7913	0.7913
1096	2.6727	0.5051	0.2	0.2	1	0	0.7984	0.7967	0.7913	0.7913
1097	2.6727	0.5051	0.4	0.2	0.4	0	0.7984	0.7967	0.7913	0.7913
1098	2.6727	0.5051	0.4	0.2	0.6	0	0.7984	0.7967	0.7913	0.7913
1099	2.6727	0.5051	0.4	0.2	0.8	0	0.7984	0.7967	0.7913	0.7913
1100	2.6727	0.5051	0.4	0.2	1	0	0.7984	0.7967	0.7913	0.7913
1101	2.6727	0.5051	0.6	0.2	0.4	0	0.7984	0.7967	0.7913	0.7913
1102	2.6727	0.5051	0.6	0.2	0.6	0	0.7984	0.7967	0.7913	0.7913
1103	2.6727	0.5051	0.6	0.2	0.8	0	0.7984	0.7967	0.7913	0.7913
1104	2.6727	0.5051	0.6	0.2	1	0	0.7984	0.7967	0.7913	0.7913
1105	2.6727	0.5051	0.8	0.2	0.4	0	0.7984	0.7967	0.7913	0.7913
1106	2.6727	0.5051	0.8	0.2	0.6	0	0.7984	0.7967	0.7913	0.7913
1107	2.6727	0.5051	0.8	0.2	0.8	0	0.7984	0.7967	0.7913	0.7913
1108	2.6727	0.5051	0.8	0.2	1	0	0.7984	0.7967	0.7913	0.7913
1109	2.6727	0.5051	1	0.2	0.4	0	0.7984	0.7967	0.7913	0.7913
1110	2.6727	0.5051	1	0.2	0.6	0	0.7984	0.7967	0.7913	0.7913
1111	2.6727	0.5051	1	0.2	0.8	0	0.7984	0.7967	0.7913	0.7913
1112	2.6727	0.5051	1	0.2	1	0	0.7984	0.7967	0.7913	0.7913
1113	2.6732	0.5052	0.2	0	0.2	0.4	0.7984	0.7984	0.7967	0.7913
1114	2.6732	0.5052	0.2	0	0.2	0.6	0.7984	0.7984	0.7967	0.7913
1115	2.6732	0.5052	0.2	0	0.2	0.8	0.7984	0.7984	0.7967	0.7913
1116	2.6732	0.5052	0.2	0	0.2	1	0.7984	0.7984	0.7967	0.7913
1117	2.6732	0.5052	0.4	0	0.2	0.4	0.7984	0.7984	0.7967	0.7913
1118	2.6732	0.5052	0.4	0	0.2	0.6	0.7984	0.7984	0.7967	0.7913
1119	2.6732	0.5052	0.4	0	0.2	0.8	0.7984	0.7984	0.7967	0.7913
1120	2.6732	0.5052	0.4	0	0.2	1	0.7984	0.7984	0.7967	0.7913
1121	2.6732	0.5052	0.6	0	0.2	0.4	0.7984	0.7984	0.7967	0.7913
1122	2.6732	0.5052	0.6	0	0.2	0.6	0.7984	0.7984	0.7967	0.7913
1123	2.6732	0.5052	0.6	0	0.2	0.8	0.7984	0.7984	0.7967	0.7913
1124	2.6732	0.5052	0.6	0	0.2	1	0.7984	0.7984	0.7967	0.7913
1125	2.6732	0.5052	0.8	0	0.2	0.4	0.7984	0.7984	0.7967	0.7913
1126	2.6732	0.5052	0.8	0	0.2	0.6	0.7984	0.7984	0.7967	0.7913
1127	2.6732	0.5052	0.8	0	0.2	0.8	0.7984	0.7984	0.7967	0.7913
1128	2.6732	0.5052	0.8	0	0.2	1	0.7984	0.7984	0.7967	0.7913
1129	2.6732	0.5052	1	0	0.2	0.4	0.7984	0.7984	0.7967	0.7913
1130	2.6732	0.5052	1	0	0.2	0.6	0.7984	0.7984	0.7967	0.7913
1131	2.6732	0.5052	1	0	0.2	0.8	0.7984	0.7984	0.7967	0.7913
1132	2.6732	0.5052	1	0	0.2	1	0.7984	0.7984	0.7967	0.7913
1133	2.6745	0.5056	0.2	0.2	0	0.4	0.7984	0.7967	0.7967	0.7913
1134	2.6745	0.5056	0.2	0.2	0	0.6	0.7984	0.7967	0.7967	0.7913
1135	2.6745	0.5056	0.2	0.2	0	0.8	0.7984	0.7967	0.7967	0.7913
1136	2.6745	0.5056	0.2	0.2	0	1	0.7984	0.7967	0.7967	0.7913
1137	2.6745	0.5056	0.4	0.2	0	0.4	0.7984	0.7967	0.7967	0.7913
1138	2.6745	0.5056	0.4	0.2	0	0.6	0.7984	0.7967	0.7967	0.7913
1139	2.6745	0.5056	0.4	0.2	0	0.8	0.7984	0.7967	0.7967	0.7913
1140	2.6745	0.5056	0.4	0.2	0	1	0.7984	0.7967	0.7967	0.7913
1141	2.6745	0.5056	0.6	0.2	0	0.4	0.7984	0.7967	0.7967	0.7913
1142	2.6745	0.5056	0.6	0.2	0	0.6	0.7984	0.7967	0.7967	0.7913
1143	2.6745	0.5056	0.6	0.2	0	0.8	0.7984	0.7967	0.7967	0.7913
1144	2.6745	0.5056	0.6	0.2	0	1	0.7984	0.7967	0.7967	0.7913
1145	2.6745	0.5056	0.8	0.2	0	0.4	0.7984	0.7967	0.7967	0.7913
1146	2.6745	0.5056	0.8	0.2	0	0.6	0.7984	0.7967	0.7967	0.7913
1147	2.6745	0.5056	0.8	0.2	0	0.8	0.7984	0.7967	0.7967	0.7913
1148	2.6745	0.5056	0.8	0.2	0	1	0.7984	0.7967	0.7967	0.7913
1149	2.6745	0.5056	1	0.2	0	0.4	0.7984	0.7967	0.7967	0.7913
1150	2.6745	0.5056	1	0.2	0	0.6	0.7984	0.7967	0.7967	0.7913
1151	2.6745	0.5056	1	0.2	0	0.8	0.7984	0.7967	0.7967	0.7913
1152	2.6745	0.5056	1	0.2	0	1	0.7984	0.7967	0.7967	0.7913
1153	3.0327	0.5994	0	0.4	0	0.2	0.8	0.7945	0.7945	0.7929
1154	3.0327	0.5994	0	0.6	0	0.2	0.8	0.7945	0.7945	0.7929
1155	3.0327	0.5994	0	0.8	0	0.2	0.8	0.7945	0.7945	0.7929
1156	3.0327	0.5994	0	1	0	0.2	0.8	0.7945	0.7945	0.7929
1157	3.0337	0.5997	0	0.4	0.2	0	0.8	0.7945	0.7929	0.7929
1158	3.0337	0.5997	0	0.6	0.2	0	0.8	0.7945	0.7929	0.7929
1159	3.0337	0.5997	0	0.8	0.2	0	0.8	0.7945	0.7929	0.7929
1160	3.0337	0.5997	0	1	0.2	0	0.8	0.7945	0.7929	0.7929
1161	3.0345	0.5999	0	0	0.4	0.2	0.8	0.8	0.7945	0.7929
1162	3.0345	0.5999	0	0	0.6	0.2	0.8	0.8	0.7945	0.7929
1163	3.0345	0.5999	0	0	0.8	0.2	0.8	0.8	0.7945	0.7929
1164	3.0345	0.5999	0	0	1	0.2	0.8	0.8	0.7945	0.7929
1165	3.0368	0.6005	0	0.2	0.4	0	0.8	0.7983	0.7929	0.7929
1166	3.0368	0.6005	0	0.2	0.6	0	0.8	0.7983	0.7929	0.7929
1167	3.0368	0.6005	0	0.2	0.8	0	0.8	0.7983	0.7929	0.7929
1168	3.0368	0.6005	0	0.2	1	0	0.8	0.7983	0.7929	0.7929
1169	3.0373	0.6006	0	0	0.2	0.4	0.8	0.8	0.7983	0.7929
1170	3.0373	0.6006	0	0	0.2	0.6	0.8	0.8	0.7983	0.7929
1171	3.0373	0.6006	0	0	0.2	0.8	0.8	0.8	0.7983	0.7929
1172	3.0373	0.6006	0	0	0.2	1	0.8	0.8	0.7983	0.7929
1173	3.0386	0.601	0	0.2	0	0.4	0.8	0.7983	0.7983	0.7929
1174	3.0386	0.601	0	0.2	0	0.6	0.8	0.7983	0.7983	0.7929
1175	3.0386	0.601	0	0.2	0	0.8	0.8	0.7983	0.7983	0.7929
1176	3.0386	0.601	0	0.2	0	1	0.8	0.7983	0.7983	0.7929
1177	3.0448	0.6026	0.2	0.4	0	0	0.7984	0.7929	0.7929	0.7929
1178	3.0448	0.6026	0.2	0.6	0	0	0.7984	0.7929	0.7929	0.7929
1179	3.0448	0.6026	0.2	0.8	0	0	0.7984	0.7929	0.7929	0.7929
1180	3.0448	0.6026	0.2	1	0	0	0.7984	0.7929	0.7929	0.7929
1181	3.0448	0.6026	0.4	0.4	0	0	0.7984	0.7929	0.7929	0.7929
1182	3.0448	0.6026	0.4	0.6	0	0	0.7984	0.7929	0.7929	0.7929
1183	3.0448	0.6026	0.4	0.8	0	0	0.7984	0.7929	0.7929	0.7929
1184	3.0448	0.6026	0.4	1	0	0	0.7984	0.7929	0.7929	0.7929
1185	3.0448	0.6026	0.6	0.4	0	0	0.7984	0.7929	0.7929	0.7929
1186	3.0448	0.6026	0.6	0.6	0	0	0.7984	0.7929	0.7929	0.7929
1187	3.0448	0.6026	0.6	0.8	0	0	0.7984	0.7929	0.7929	0.7929
1188	3.0448	0.6026	0.6	1	0	0	0.7984	0.7929	0.7929	0.7929
1189	3.0448	0.6026	0.8	0.4	0	0	0.7984	0.7929	0.7929	0.7929
1190	3.0448	0.6026	0.8	0.6	0	0	0.7984	0.7929	0.7929	0.7929
1191	3.0448	0.6026	0.8	0.8	0	0	0.7984	0.7929	0.7929	0.7929
1192	3.0448	0.6026	0.8	1	0	0	0.7984	0.7929	0.7929	0.7929
1193	3.0448	0.6026	1	0.4	0	0	0.7984	0.7929	0.7929	0.7929
1194	3.0448	0.6026	1	0.6	0	0	0.7984	0.7929	0.7929	0.7929
1195	3.0448	0.6026	1	0.8	0	0	0.7984	0.7929	0.7929	0.7929
1196	3.0448	0.6026	1	1	0	0	0.7984	0.7929	0.7929	0.7929
1197	3.0466	0.6031	0.2	0	0.4	0	0.7984	0.7984	0.7929	0.7929
1198	3.0466	0.6031	0.2	0	0.6	0	0.7984	0.7984	0.7929	0.7929
1199	3.0466	0.6031	0.2	0	0.8	0	0.7984	0.7984	0.7929	0.7929
1200	3.0466	0.6031	0.2	0	1	0	0.7984	0.7984	0.7929	0.7929
1201	3.0466	0.6031	0.4	0	0.4	0	0.7984	0.7984	0.7929	0.7929
1202	3.0466	0.6031	0.4	0	0.6	0	0.7984	0.7984	0.7929	0.7929
1203	3.0466	0.6031	0.4	0	0.8	0	0.7984	0.7984	0.7929	0.7929
1204	3.0466	0.6031	0.4	0	1	0	0.7984	0.7984	0.7929	0.7929
1205	3.0466	0.6031	0.6	0	0.4	0	0.7984	0.7984	0.7929	0.7929
1206	3.0466	0.6031	0.6	0	0.6	0	0.7984	0.7984	0.7929	0.7929
1207	3.0466	0.6031	0.6	0	0.8	0	0.7984	0.7984	0.7929	0.7929
1208	3.0466	0.6031	0.6	0	1	0	0.7984	0.7984	0.7929	0.7929
1209	3.0466	0.6031	0.8	0	0.4	0	0.7984	0.7984	0.7929	0.7929
1210	3.0466	0.6031	0.8	0	0.6	0	0.7984	0.7984	0.7929	0.7929
1211	3.0466	0.6031	0.8	0	0.8	0	0.7984	0.7984	0.7929	0.7929
1212	3.0466	0.6031	0.8	0	1	0	0.7984	0.7984	0.7929	0.7929
1213	3.0466	0.6031	1	0	0.4	0	0.7984	0.7984	0.7929	0.7929
1214	3.0466	0.6031	1	0	0.6	0	0.7984	0.7984	0.7929	0.7929
1215	3.0466	0.6031	1	0	0.8	0	0.7984	0.7984	0.7929	0.7929
1216	3.0466	0.6031	1	0	1	0	0.7984	0.7984	0.7929	0.7929
1217	3.0484	0.6035	0.2	0	0	0.4	0.7984	0.7984	0.7984	0.7929
1218	3.0484	0.6035	0.2	0	0	0.6	0.7984	0.7984	0.7984	0.7929
1219	3.0484	0.6035	0.2	0	0	0.8	0.7984	0.7984	0.7984	0.7929
1220	3.0484	0.6035	0.2	0	0	1	0.7984	0.7984	0.7984	0.7929
1221	3.0484	0.6035	0.4	0	0	0.4	0.7984	0.7984	0.7984	0.7929
1222	3.0484	0.6035	0.4	0	0	0.6	0.7984	0.7984	0.7984	0.7929
1223	3.0484	0.6035	0.4	0	0	0.8	0.7984	0.7984	0.7984	0.7929
1224	3.0484	0.6035	0.4	0	0	1	0.7984	0.7984	0.7984	0.7929
1225	3.0484	0.6035	0.6	0	0	0.4	0.7984	0.7984	0.7984	0.7929
1226	3.0484	0.6035	0.6	0	0	0.6	0.7984	0.7984	0.7984	0.7929
1227	3.0484	0.6035	0.6	0	0	0.8	0.7984	0.7984	0.7984	0.7929
1228	3.0484	0.6035	0.6	0	0	1	0.7984	0.7984	0.7984	0.7929
1229	3.0484	0.6035	0.8	0	0	0.4	0.7984	0.7984	0.7984	0.7929
1230	3.0484	0.6035	0.8	0	0	0.6	0.7984	0.7984	0.7984	0.7929
1231	3.0484	0.6035	0.8	0	0	0.8	0.7984	0.7984	0.7984	0.7929
1232	3.0484	0.6035	0.8	0	0	1	0.7984	0.7984	0.7984	0.7929
1233	3.0484	0.6035	1	0	0	0.4	0.7984	0.7984	0.7984	0.7929
1234	3.0484	0.6035	1	0	0	0.6	0.7984	0.7984	0.7984	0.7929
1235	3.0484	0.6035	1	0	0	0.8	0.7984	0.7984	0.7984	0.7929
1236	3.0484	0.6035	1	0	0	1	0.7984	0.7984	0.7984	0.7929
1237	3.0721	0.6097	0.2	0.2	0.2	0.2	0.7984	0.7967	0.795	0.7933
1238	3.0721	0.6097	0.4	0.2	0.2	0.2	0.7984	0.7967	0.795	0.7933
1239	3.0721	0.6097	0.6	0.2	0.2	0.2	0.7984	0.7967	0.795	0.7933
1240	3.0721	0.6097	0.8	0.2	0.2	0.2	0.7984	0.7967	0.795	0.7933
1241	3.0721	0.6097	1	0.2	0.2	0.2	0.7984	0.7967	0.795	0.7933
1242	3.4089	0.698	0	0.4	0	0	0.8	0.7945	0.7945	0.7945
1243	3.4089	0.698	0	0.6	0	0	0.8	0.7945	0.7945	0.7945
1244	3.4089	0.698	0	0.8	0	0	0.8	0.7945	0.7945	0.7945
1245	3.4089	0.698	0	1	0	0	0.8	0.7945	0.7945	0.7945
1246	3.4107	0.6985	0	0	0.4	0	0.8	0.8	0.7945	0.7945
1247	3.4107	0.6985	0	0	0.6	0	0.8	0.8	0.7945	0.7945
1248	3.4107	0.6985	0	0	0.8	0	0.8	0.8	0.7945	0.7945
1249	3.4107	0.6985	0	0	1	0	0.8	0.8	0.7945	0.7945
1250	3.4125	0.6989	0	0	0	0.4	0.8	0.8	0.8	0.7946
1251	3.4125	0.6989	0	0	0	0.6	0.8	0.8	0.8	0.7946
1252	3.4125	0.6989	0	0	0	0.8	0.8	0.8	0.8	0.7946
1253	3.4125	0.6989	0	0	0	1	0.8	0.8	0.8	0.7946
1254	3.4362	0.7051	0	0.2	0.2	0.2	0.8	0.7983	0.7966	0.7949
1255	3.446	0.7077	0.2	0	0.2	0.2	0.7984	0.7984	0.7967	0.795
1256	3.446	0.7077	0.4	0	0.2	0.2	0.7984	0.7984	0.7967	0.795
1257	3.446	0.7077	0.6	0	0.2	0.2	0.7984	0.7984	0.7967	0.795
1258	3.446	0.7077	0.8	0	0.2	0.2	0.7984	0.7984	0.7967	0.795
1259	3.446	0.7077	1	0	0.2	0.2	0.7984	0.7984	0.7967	0.795
1260	3.4473	0.7081	0.2	0.2	0	0.2	0.7984	0.7967	0.7967	0.795
1261	3.4473	0.7081	0.4	0.2	0	0.2	0.7984	0.7967	0.7967	0.795
1262	3.4473	0.7081	0.6	0.2	0	0.2	0.7984	0.7967	0.7967	0.795
1263	3.4473	0.7081	0.8	0.2	0	0.2	0.7984	0.7967	0.7967	0.795
1264	3.4473	0.7081	1	0.2	0	0.2	0.7984	0.7967	0.7967	0.795
1265	3.4483	0.7083	0.2	0.2	0.2	0	0.7984	0.7967	0.795	0.795
1266	3.4483	0.7083	0.4	0.2	0.2	0	0.7984	0.7967	0.795	0.795
1267	3.4483	0.7083	0.6	0.2	0.2	0	0.7984	0.7967	0.795	0.795
1268	3.4483	0.7083	0.8	0.2	0.2	0	0.7984	0.7967	0.795	0.795
1269	3.4483	0.7083	1	0.2	0.2	0	0.7984	0.7967	0.795	0.795
1270	3.8101	0.8031	0	0	0.2	0.2	0.8	0.8	0.7983	0.7966
1271	3.8114	0.8035	0	0.2	0	0.2	0.8	0.7983	0.7983	0.7966
1272	3.8124	0.8037	0	0.2	0.2	0	0.8	0.7983	0.7966	0.7966
1273	3.8212	0.806	0.2	0	0	0.2	0.7984	0.7984	0.7984	0.7967
1274	3.8212	0.806	0.4	0	0	0.2	0.7984	0.7984	0.7984	0.7967
1275	3.8212	0.806	0.6	0	0	0.2	0.7984	0.7984	0.7984	0.7967
1276	3.8212	0.806	0.8	0	0	0.2	0.7984	0.7984	0.7984	0.7967
1277	3.8212	0.806	1	0	0	0.2	0.7984	0.7984	0.7984	0.7967
1278	3.8222	0.8063	0.2	0	0.2	0	0.7984	0.7984	0.7967	0.7967
1279	3.8222	0.8063	0.4	0	0.2	0	0.7984	0.7984	0.7967	0.7967
1280	3.8222	0.8063	0.6	0	0.2	0	0.7984	0.7984	0.7967	0.7967
1281	3.8222	0.8063	0.8	0	0.2	0	0.7984	0.7984	0.7967	0.7967
1282	3.8222	0.8063	1	0	0.2	0	0.7984	0.7984	0.7967	0.7967
1283	3.8236	0.8066	0.2	0.2	0	0	0.7984	0.7967	0.7967	0.7967
1284	3.8236	0.8066	0.4	0.2	0	0	0.7984	0.7967	0.7967	0.7967
1285	3.8236	0.8066	0.6	0.2	0	0	0.7984	0.7967	0.7967	0.7967
1286	3.8236	0.8066	0.8	0.2	0	0	0.7984	0.7967	0.7967	0.7967
1287	3.8236	0.8066	1	0.2	0	0	0.7984	0.7967	0.7967	0.7967
1288	4.1853	0.9014	0	0	0	0.2	0.8	0.8	0.8	0.7983
1289	4.1863	0.9017	0	0	0.2	0	0.8	0.8	0.7983	0.7983
1290	4.1877	0.902	0	0.2	0	0	0.8	0.7983	0.7983	0.7983
1291	4.1975	0.9046	0.2	0	0	0	0.7984	0.7984	0.7984	0.7984
1292	4.1975	0.9046	0.4	0	0	0	0.7984	0.7984	0.7984	0.7984
1293	4.1975	0.9046	0.6	0	0	0	0.7984	0.7984	0.7984	0.7984
1294	4.1975	0.9046	0.8	0	0	0	0.7984	0.7984	0.7984	0.7984
1295	4.1975	0.9046	1	0	0	0	0.7984	0.7984	0.7984	0.7984
1296	4.5616	1	0	0	0	0	0.8	0.8	0.8	0.8
